24.720000	0.751378
22.872666	0.751486
24.381400	0.751378
26.535193	0.751486
26.406238	0.751270
26.171209	0.751378
26.914791	0.751162
27.292863	0.751270
27.645367	0.751270
26.902107	0.751270
26.447106	0.751270
27.854409	0.751270
28.847353	0.751057
28.651597	0.751270
28.886024	0.751270
29.119848	0.751057
29.096105	0.751162
29.133516	0.751162
28.887332	0.751057
29.488352	0.751162
29.708359	0.751057
29.723992	0.751057
30.190601	0.750949
30.595917	0.750949
30.647558	0.750949
30.676861	0.750949
31.144684	0.750949
31.327933	0.750949
31.707122	0.750949
31.812228	0.750949
32.450939	0.750843
32.673381	0.750949
32.685925	0.750735
32.948345	0.750949
33.600212	0.750843
33.938016	0.750949
34.042520	0.750843
34.331250	0.750843
34.292947	0.750843
34.723174	0.750628
34.852495	0.750735
35.011486	0.750735
35.192631	0.750522
35.376490	0.750628
35.674638	0.750628
35.857983	0.750628
36.068431	0.750412
36.523379	0.750522
37.227078	0.750522
35.022117	0.750522
36.279341	0.750412
37.570627	0.750522
37.842325	0.750522
37.815684	0.750412
38.079319	0.750306
38.418809	0.750522
38.534362	0.750412
38.810497	0.750412
38.834990	0.750522
39.057983	0.750412
39.655877	0.750412
39.605258	0.750412
39.424253	0.750412
39.618507	0.750412
39.670148	0.750412
40.467432	0.750306
40.963066	0.750093
41.394035	0.750199
41.369454	0.750306
41.679919	0.750199
41.826830	0.750199
42.479586	0.750199
42.347838	0.749985
42.700011	0.749985
43.078642	0.750093
43.040574	0.750199
43.798018	0.750093
44.488230	0.749985
44.382984	0.750093
44.475356	0.749985
44.502651	0.749877
44.502695	0.749985
44.893825	0.749985
44.918781	0.749877
45.417357	0.749877
45.532352	0.749877
45.520315	0.749664
45.520271	0.749772
45.677063	0.749772
45.818979	0.749877
45.911446	0.749772
46.236794	0.749877
46.342694	0.749664
46.995076	0.749772
46.968207	0.749772
46.565459	0.749772
47.295799	0.749664
47.359617	0.749772
47.335543	0.749556
47.660568	0.749772
47.790351	0.749556
48.313368	0.749664
48.366790	0.749556
48.430931	0.749451
48.587311	0.749556
48.404062	0.749556
49.110424	0.749664
48.927917	0.749556
49.475611	0.749343
50.179965	0.749556
49.632359	0.749451
49.734994	0.749451
49.905883	0.749451
49.724223	0.749451
50.037865	0.749451
47.974962	0.749343
48.288089	0.749451
47.404772	0.749556
50.102705	0.749556
50.677503	0.749556
50.088198	0.749451
49.460449	0.749451
49.369946	0.749343
49.240207	0.749451
50.183510	0.749343
52.890172	0.749451
49.317930	0.749451
49.670713	0.749451
50.336808	0.749235
49.474913	0.749343
49.709759	0.749451
49.293480	0.749343
49.489517	0.749451
49.578011	0.749235
49.567660	0.749451
49.670713	0.749451
49.658302	0.749235
49.579976	0.749343
49.709663	0.749451
49.604976	0.749451
49.657978	0.749451
49.617013	0.749451
49.656433	0.749451
49.553291	0.749451
49.553379	0.749343
49.670758	0.749343
49.619300	0.749343
49.514429	0.749235
49.683074	0.749451
49.604792	0.749451
49.580395	0.749343
49.643977	0.749343
49.604696	0.749451
49.670802	0.749343
49.670713	0.749556
49.565555	0.749343
49.567799	0.749556
49.695294	0.749451
49.658258	0.749343
49.631661	0.749556
49.631477	0.749343
49.592292	0.749451
49.724223	0.749556
49.526554	0.749451
49.592476	0.749451
49.787761	0.749451
49.565651	0.749556
49.670802	0.749451
49.604696	0.749451
49.619021	0.749451
49.724084	0.749451
49.709715	0.749451
49.646081	0.749451
49.592476	0.749451
49.617013	0.749343
49.658441	0.749451
49.814542	0.749451
49.592571	0.749451
49.580255	0.749451
49.684803	0.749451
49.656433	0.749343
49.736444	0.749343
49.565791	0.749343
49.658397	0.749343
49.684803	0.749235
49.683118	0.749451
49.695294	0.749343
49.658302	0.749343
49.592615	0.749235
49.721700	0.749343
49.697303	0.749451
49.697399	0.749343
49.722075	0.749343
49.499869	0.749343
49.682699	0.749343
49.695155	0.749451
49.695155	0.749451
49.709759	0.749343
49.579976	0.749451
49.578011	0.749451
49.775350	0.749451
49.658022	0.749235
49.709899	0.749451
49.761120	0.749556
49.606940	0.749556
49.775350	0.749343
49.748525	0.749451
49.685082	0.749235
49.812578	0.749451
49.670758	0.749451
49.645802	0.749343
49.723848	0.749451
49.604836	0.749235
49.800217	0.749451
49.697538	0.749235
49.670522	0.749343
49.645941	0.749556
49.761120	0.749451
49.826947	0.749343
49.773576	0.749451
49.592432	0.749556
49.670758	0.749556
49.762945	0.749451
49.643654	0.749556
49.826947	0.749343
49.814072	0.749343
47.768240	0.749343
49.790091	0.749343
50.246166	0.749343
50.219106	0.749451
49.960701	0.749451
50.766939	0.749235
50.950093	0.749235
51.106708	0.749343
51.302413	0.749235
51.759648	0.749127
51.681602	0.749127
51.733661	0.749343
52.204942	0.749127
52.242494	0.749235
52.464465	0.749127
52.674729	0.749022
52.806896	0.749235
53.014682	0.749235
53.195922	0.749022
53.352442	0.749127
53.511294	0.749127
53.653488	0.749235
53.758500	0.749022
53.758639	0.749022
54.137409	0.749235
54.098687	0.749235
54.319068	0.749127
55.414831	0.749127
55.130632	0.749022
55.522461	0.749127
56.798584	0.749127
56.669769	0.749127
56.760463	0.749022
57.177999	0.749022
57.349960	0.749022
57.804768	0.748914
57.679228	0.748914
58.863259	0.748914
58.798176	0.748808
58.993976	0.748808
59.307383	0.748700
59.439035	0.748700
59.686241	0.748808
59.986170	0.748808
60.235297	0.748593
60.546695	0.748700
60.769269	0.748485
60.848109	0.748485
61.344633	0.748593
61.774485	0.748593
62.269316	0.748593
63.119786	0.748377
63.120484	0.748485
63.616633	0.748485
64.386716	0.748377
64.281749	0.748377
64.321493	0.748593
64.790582	0.748377
64.815957	0.748271
65.390152	0.748377
65.561783	0.748377
66.148294	0.748271
66.487784	0.748164
66.476122	0.748271
66.776514	0.748271
66.970210	0.748058
67.322479	0.748058
67.544913	0.747950
67.886313	0.748058
68.144718	0.748058
68.562489	0.748164
68.653411	0.748058
69.112471	0.747950
68.956187	0.748058
69.059241	0.748058
69.541292	0.748058
70.090392	0.748058
70.221432	0.747950
70.275038	0.747950
70.834908	0.747842
70.420777	0.747842
70.534280	0.747842
70.926484	0.747842
71.657147	0.747842
72.674209	0.747627
72.259241	0.747737
72.701593	0.747627
73.367364	0.747521
73.589195	0.747737
73.706897	0.747627
73.733303	0.747737
74.254268	0.747737
74.164508	0.747521
74.609383	0.747521
74.335631	0.747627
74.935664	0.747413
75.484345	0.747521
75.483175	0.747413
75.338413	0.747521
75.744705	0.747308
75.693388	0.747413
76.199653	0.747308
75.955992	0.747413
76.644528	0.747200
76.801467	0.747413
76.724023	0.747308
77.911834	0.747200
78.044045	0.747308
78.343276	0.747200
80.364699	0.747092
78.264521	0.747308
79.308217	0.747200
79.440479	0.747308
79.804505	0.747200
80.247931	0.747092
80.458659	0.747092
81.174534	0.747092
81.189278	0.746986
81.658271	0.746986
81.659014	0.746986
81.854116	0.747092
82.050239	0.746879
82.218700	0.746771
82.558609	0.746879
82.871501	0.746986
81.984597	0.746879
82.534814	0.746771
83.681196	0.746879
84.048907	0.746771
84.635698	0.746663
84.438072	0.746771
84.530679	0.746771
84.976113	0.746663
85.171075	0.746771
85.277160	0.746663
85.341536	0.746663
86.059097	0.746771
86.437911	0.746663
86.449852	0.746663
86.710212	0.746663
87.182287	0.746555
87.624595	0.746555
87.819741	0.746555
87.663596	0.746450
87.456090	0.746555
87.769313	0.746450
88.277587	0.746555
87.848102	0.746450
88.448519	0.746342
88.904026	0.746555
88.423275	0.746450
89.399939	0.746450
89.647564	0.746450
89.804363	0.746342
90.273077	0.746342
89.858527	0.746128
90.432487	0.746342
90.288798	0.746342
90.641162	0.746342
91.332685	0.746342
90.878296	0.746342
91.645533	0.746236
92.648228	0.746128
90.316461	0.746342
91.530345	0.746342
92.221360	0.746236
92.925383	0.746236
93.109845	0.746021
93.642515	0.746128
93.970850	0.746128
94.663402	0.746021
95.758187	0.746021
95.968915	0.746128
96.503594	0.746021
96.934145	0.746021
96.971696	0.745913
97.220771	0.745913
96.987042	0.745699
97.560356	0.745699
97.925220	0.745592
98.187772	0.745699
98.722599	0.745699
98.723201	0.745699
99.204231	0.745699
99.191680	0.745486
98.850471	0.745592
99.034234	0.745486
97.929505	0.745699
99.165135	0.745486
99.349640	0.745486
99.232129	0.745378
100.016817	0.745486
100.339459	0.745592
100.309939	0.745592
98.721246	0.745699
98.513644	0.745592
98.577785	0.745592
97.799207	0.745592
99.831464	0.745592
98.628684	0.745592
98.538321	0.745699
98.357595	0.745699
100.065193	0.745592
97.976023	0.745486
98.628779	0.745592
98.460318	0.745378
98.577462	0.745592
97.991281	0.745486
98.396082	0.745378
100.092951	0.745486
99.594803	0.745486
102.254442	0.745378
98.760571	0.745486
98.550402	0.745378
98.550402	0.745486
98.499180	0.745378
99.646637	0.745486
98.670024	0.745486
98.525865	0.745378
99.402922	0.745270
100.285113	0.745486
98.890031	0.745486
98.565101	0.745486
98.565146	0.745486
98.641140	0.745378
98.408721	0.745486
98.577138	0.745486
98.501284	0.745486
98.550681	0.745378
98.616279	0.745270
98.433398	0.745486
98.618288	0.745486
98.616507	0.745378
98.565337	0.745592
98.642920	0.745592
98.680141	0.745592
98.604287	0.745592
98.577043	0.745592
98.538137	0.745486
98.631023	0.745378
98.460039	0.745378
98.591647	0.745592
98.628823	0.745486
98.591926	0.745486
98.641000	0.745486
98.603824	0.745486
98.524136	0.745486
98.694422	0.745486
98.577183	0.745378
98.616786	0.745486
98.643288	0.745486
98.564918	0.745486
98.604382	0.745378
98.591926	0.745378
98.564918	0.745486
98.643104	0.745378
98.565285	0.745486
98.474643	0.745592
98.643009	0.745378
98.592066	0.745486
98.641419	0.745592
98.643009	0.745486
98.746107	0.745592
98.682385	0.745592
98.603963	0.745378
98.616368	0.745592
98.709070	0.745592
98.513600	0.745486
98.591647	0.745592
98.719422	0.745592
98.629103	0.745486
98.667685	0.745592
98.748211	0.745486
98.631207	0.745592
98.733423	0.745592
98.642920	0.745486
98.670208	0.745486
98.628779	0.745486
98.603963	0.745378
98.733930	0.745592
98.758423	0.745592
98.577322	0.745592
98.785248	0.745486
98.748071	0.745486
98.577366	0.745486
98.733607	0.745592
98.694605	0.745592
98.628823	0.745592
98.758423	0.745378
98.643244	0.745378
98.719422	0.745592
98.733790	0.745486
98.643148	0.745486
98.785108	0.745486
98.707201	0.745486
98.631207	0.745486
98.787072	0.745486
98.787212	0.745270
98.709349	0.745486
98.721246	0.745486
98.667781	0.745592
98.772983	0.745270
98.565146	0.745486
98.655508	0.745486
98.799712	0.745592
98.655883	0.745486
98.680141	0.745486
98.760711	0.745592
98.746246	0.745486
98.748027	0.745592
98.669789	0.745486
98.758423	0.745486
98.630928	0.745378
98.721151	0.745486
98.719561	0.745486
98.734026	0.745486
98.745827	0.745378
98.824249	0.745378
98.760711	0.745378
98.669929	0.745378
98.721290	0.745486
98.758562	0.745378
98.643339	0.745378
98.811705	0.745486
98.643427	0.745378
98.758562	0.745378
98.799389	0.745486
98.733746	0.745486
98.838669	0.745486
98.696709	0.745378
98.797564	0.745486
98.746107	0.745378
98.694841	0.745486
98.824249	0.745378
98.746107	0.745378
98.733746	0.745270
98.772887	0.745486
98.799528	0.745378
98.748027	0.745378
98.772931	0.745378
98.785108	0.745378
98.733563	0.745486
98.746062	0.745378
98.850890	0.745486
98.682245	0.745486
98.811705	0.745378
98.824109	0.745270
98.733842	0.745378
98.852715	0.745592
98.772792	0.745486
98.799763	0.745378
98.850794	0.745592
98.733790	0.745486
98.838765	0.745486
98.772748	0.745378
98.694701	0.745486
98.877766	0.745486
98.772792	0.745486
98.707105	0.745486
98.877715	0.745378
98.746107	0.745486
98.772843	0.745378
98.824249	0.745486
98.760527	0.745486
98.811889	0.745486
98.799572	0.745378
98.811889	0.745486
98.863346	0.745270
98.760571	0.745486
98.838574	0.745378
98.877671	0.745378
98.772931	0.745378
98.746202	0.745378
98.799528	0.745486
98.851029	0.745270
98.785203	0.745270
98.785108	0.745270
98.797424	0.745270
98.772887	0.745270
98.694745	0.745378
98.838390	0.745165
98.772887	0.745378
98.785343	0.745378
98.863111	0.745270
98.850934	0.745378
98.826493	0.745270
98.838390	0.745378
98.772792	0.745378
98.875846	0.745486
98.735711	0.745486
98.797424	0.745486
98.904635	0.745378
98.799763	0.745378
98.877575	0.745378
98.941488	0.745270
98.785483	0.745378
98.850794	0.745270
98.838434	0.745486
98.797843	0.745486
98.890215	0.745378
98.760292	0.745486
98.877950	0.745270
98.890215	0.745486
98.760387	0.745486
98.875566	0.745378
98.824484	0.745378
98.785108	0.745378
98.863111	0.745486
98.787447	0.745378
98.863529	0.745486
98.799389	0.745486
98.863529	0.745378
98.929216	0.745486
98.772704	0.745486
98.850890	0.745486
98.838949	0.745378
98.746202	0.745378
98.863066	0.745486
98.836844	0.745592
98.851125	0.745378
98.787212	0.745592
98.943776	0.745486
98.863529	0.745486
98.799528	0.745378
98.916576	0.745378
98.799852	0.745378
98.850846	0.745378
98.838434	0.745270
98.904635	0.745165
98.904495	0.745270
98.865215	0.745486
98.994954	0.745486
98.851213	0.745486
98.889847	0.745378
98.850706	0.745270
98.812168	0.745378
98.799572	0.745270
98.838390	0.745270
98.865634	0.745378
98.931416	0.745378
98.811749	0.745378
99.007314	0.745486
98.851169	0.745378
98.865215	0.745486
98.928937	0.745378
98.836844	0.745378
98.772887	0.745486
98.877531	0.745486
98.865634	0.745378
98.941628	0.745270
98.838530	0.745378
98.968313	0.745270
98.943636	0.745378
98.850846	0.745486
98.838530	0.745378
98.916951	0.745378
98.760571	0.745378
98.877575	0.745378
98.863529	0.745486
98.877950	0.745486
98.928892	0.745486
98.982733	0.745378
98.917047	0.745486
98.877575	0.745592
98.838530	0.745486
98.904635	0.745378
98.838574	0.745592
98.865215	0.745486
98.929311	0.745486
98.914847	0.745378
98.902251	0.745486
98.968173	0.745486
98.904635	0.745486
98.914568	0.745486
98.875566	0.745378
98.929311	0.745378
98.811889	0.745378
98.838713	0.745378
98.982733	0.745378
98.902531	0.745378
98.851125	0.745270
99.009418	0.745378
98.865494	0.745486
98.865634	0.745486
98.955857	0.745486
98.877766	0.745592
98.968408	0.745378
98.904451	0.745592
99.202041	0.745592
97.664990	0.745378
97.519530	0.745486
99.438658	0.745270
100.377762	0.745270
100.431411	0.745270
100.795437	0.745270
100.404447	0.745378
100.352990	0.745378
100.562836	0.745378
100.771415	0.745270
101.162222	0.745165
101.202010	0.745270
101.265643	0.745057
101.216849	0.745378
101.632281	0.745270
101.632935	0.745270
101.737858	0.745270
101.554234	0.745057
102.065729	0.745270
102.430218	0.745165
102.938771	0.745165
103.315114	0.745057
103.420595	0.745165
103.565122	0.745165
104.308477	0.745165
103.995577	0.745165
103.929891	0.745270
104.154899	0.745165
104.790249	0.745057
104.973733	0.745165
105.118216	0.745270
105.157357	0.745057
105.849534	0.745057
105.942045	0.745057
105.979501	0.745057
105.795973	0.745165
106.306865	0.745057
105.994524	0.745057
106.034084	0.744951
106.738297	0.745057
107.038550	0.744951
107.297749	0.744951
107.586060	0.744951
107.821509	0.744841
108.474038	0.744841
108.669830	0.744951
108.501561	0.744841
109.178435	0.744841
108.748627	0.744736
109.035961	0.744951
108.956787	0.744951
110.258383	0.744841
110.197829	0.744841
109.649523	0.744841
110.276809	0.744736
110.461550	0.744841
111.853551	0.744736
111.764724	0.744628
111.765422	0.744736
111.974290	0.744628
112.363691	0.744628
112.325013	0.744736
112.547175	0.744520
112.601244	0.744628
112.953233	0.744520
113.109378	0.744628
113.212336	0.744520
113.278302	0.744628
113.149217	0.744520
113.786767	0.744415
113.303074	0.744628
113.461228	0.744520
113.591290	0.744628
114.061635	0.744520
114.416148	0.744520
114.127932	0.744415
111.487611	0.744415
111.751386	0.744628
111.763658	0.744415
111.737017	0.744628
111.827520	0.744415
111.737017	0.744520
111.724796	0.744415
111.841889	0.744415
111.763798	0.744520
111.790527	0.744520
111.802843	0.744415
111.568782	0.744307
112.951224	0.744307
113.017705	0.744628
113.501816	0.744520
114.492281	0.744628
115.520684	0.744628
115.264609	0.744520
115.602038	0.744307
115.786640	0.744520
116.268508	0.744201
116.987325	0.744307
117.417641	0.744415
117.977467	0.744415
118.212732	0.744415
118.906917	0.744093
119.322819	0.744201
119.455545	0.744201
119.440941	0.744093
120.093506	0.743986
120.381913	0.744093
120.538337	0.744093
120.590956	0.744093
121.320972	0.744093
121.333987	0.743878
121.451270	0.744093
121.974427	0.744093
122.248649	0.743986
122.380441	0.743986
122.664639	0.743986
122.913626	0.743770
123.148193	0.743986
123.148516	0.743986
123.278299	0.743878
124.489583	0.744093
124.675667	0.744093
124.323119	0.744093
124.598931	0.743878
124.833777	0.743878
125.015436	0.743878
125.367285	0.743878
125.446126	0.743664
125.954120	0.743770
126.034786	0.743770
126.243270	0.743770
126.621716	0.743557
126.725277	0.743557
126.962271	0.743557
127.313981	0.743770
127.901706	0.743557
128.097131	0.743664
128.541771	0.743664
128.332579	0.743664
128.710607	0.743664
128.789308	0.743557
129.050603	0.743557
129.650078	0.743557
129.728551	0.743557
129.781921	0.743557
130.004686	0.743557
130.290570	0.743557
130.799307	0.743451
130.668632	0.743451
131.386421	0.743451
131.375134	0.743451
131.947085	0.743451
132.013286	0.743451
132.260632	0.743235
132.861791	0.743343
132.640100	0.743128
132.952529	0.743235
133.162654	0.743343
133.463326	0.743343
133.620074	0.743128
133.423338	0.743235
134.050580	0.743235
134.336743	0.743235
134.715601	0.743235
134.913645	0.743235
135.134585	0.743235
135.579041	0.743235
135.918670	0.743020
136.021813	0.743128
135.799423	0.743128
135.943950	0.743128
136.398853	0.743235
136.649001	0.742914
137.171137	0.743020
136.583454	0.743128
137.313559	0.743128
137.667932	0.743020
137.771310	0.743020
138.227847	0.743020
138.947782	0.742914
135.895991	0.742914
139.012018	0.742914
139.390090	0.743020
140.001741	0.742914
140.342627	0.742914
140.565296	0.742806
141.374712	0.742806
141.871551	0.742806
142.418738	0.742699
142.250321	0.742699
142.602502	0.742699
143.516275	0.742806
143.553686	0.742699
143.619468	0.742593
144.913966	0.742593
141.112850	0.742485
144.589456	0.742593
146.350850	0.742485
147.042372	0.742270
147.614883	0.742485
148.139716	0.742379
149.221582	0.742270
149.537137	0.742270
150.097427	0.742270
150.605744	0.742379
150.996831	0.742379
150.997433	0.742270
151.611468	0.742270
152.511011	0.742270
149.048782	0.741948
149.729018	0.742164
149.651015	0.742054
149.768203	0.742164
149.716746	0.742164
149.665524	0.742164
149.768298	0.742270
149.690244	0.742270
149.729481	0.742270
149.780703	0.742270
149.702656	0.742270
149.714877	0.742164
149.714877	0.742054
149.690156	0.742270
149.794984	0.742270
149.716885	0.742164
149.819800	0.742270
149.753878	0.742164
149.702700	0.742270
149.807579	0.742270
149.729385	0.742270
149.717025	0.742270
149.768247	0.742164
149.755887	0.742270
149.807300	0.742270
149.729385	0.742164
149.834029	0.742270
149.768387	0.742270
149.807344	0.742270
149.807388	0.742270
149.729106	0.742054
149.819660	0.742164
149.755887	0.742164
149.834264	0.742270
149.807388	0.741948
149.756122	0.741948
149.794984	0.741948
149.782807	0.741948
149.756026	0.741948
149.833985	0.742164
149.807439	0.742164
149.897802	0.742164
149.793159	0.742054
149.871161	0.742164
149.860810	0.742164
149.415839	0.742164
148.801665	0.742054
148.805347	0.742054
150.605002	0.742054
150.930255	0.742054
151.060089	0.742270
151.113695	0.742270
151.050296	0.742164
151.467081	0.742054
152.028217	0.741948
152.315263	0.742054
153.033941	0.742054
153.163209	0.742054
153.203004	0.742054
153.501528	0.741841
155.339766	0.742054
150.686077	0.742054
153.961985	0.741841
155.018746	0.741948
155.774322	0.741948
156.490810	0.741735
155.944137	0.741948
156.179733	0.741841
153.951107	0.741841
156.414527	0.741841
156.454226	0.741735
156.742075	0.741627
156.754994	0.741735
156.962875	0.741627
157.158484	0.741841
157.368286	0.741841
157.419787	0.741735
157.444464	0.741841
157.654118	0.741841
158.006901	0.741627
157.368565	0.741627
158.412775	0.741735
158.307625	0.741627
158.488534	0.741627
158.542331	0.741627
157.822859	0.741519
158.214687	0.741519
158.241188	0.741735
158.723475	0.741519
158.437731	0.741627
158.621399	0.741735
159.207396	0.741627
158.934108	0.741627
159.117129	0.741627
159.376555	0.741735
159.337370	0.741735
159.312738	0.741519
159.337275	0.741627
159.312738	0.741735
159.547584	0.741627
159.481758	0.741627
159.626101	0.741414
159.611357	0.741627
159.716559	0.741627
159.912168	0.741519
159.912029	0.741519
159.899713	0.741627
159.939045	0.741519
159.938809	0.741627
159.966428	0.741627
160.159749	0.741519
160.266541	0.741519
160.408876	0.741627
160.565020	0.741519
160.487062	0.741519
160.748174	0.741414
160.787690	0.741519
160.944349	0.741627
161.190901	0.741627
161.166643	0.741627
161.139723	0.741519
161.205784	0.741519
161.179423	0.741519
161.491947	0.741306
161.675527	0.741414
161.700292	0.741519
161.778530	0.741306
161.870997	0.741306
162.117967	0.741414
162.131217	0.741519
162.172087	0.741414
162.209220	0.741414
162.458486	0.741414
162.824983	0.741306
162.524870	0.741414
162.927523	0.741414
162.759812	0.741306
162.747495	0.741198
163.162927	0.741414
163.214384	0.741306
163.267755	0.741414
163.478019	0.741198
163.373332	0.741306
163.595442	0.741414
162.069355	0.741306
163.777241	0.741306
163.792264	0.741198
166.795364	0.741198
160.841854	0.741198
158.634274	0.741414
161.296801	0.741414
163.294256	0.741414
164.600747	0.741306
163.413450	0.741414
163.819045	0.741306
164.937808	0.741198
164.050713	0.741306
165.318342	0.741306
165.696928	0.741306
166.152618	0.741198
166.636495	0.741198
167.184380	0.741198
167.131377	0.741090
167.380504	0.741090
167.928007	0.741198
168.253825	0.741198
168.385573	0.741090
169.038513	0.741090
169.050829	0.741090
169.351641	0.740985
169.376273	0.741090
169.692203	0.741090
170.342716	0.741090
170.616842	0.741198
171.193465	0.740985
171.298528	0.741090
171.663348	0.741090
172.029846	0.741090
172.275227	0.741090
172.605158	0.740985
172.851482	0.741090
173.033229	0.740877
173.502737	0.740877
173.659117	0.740877
173.568798	0.740877
173.867182	0.740985
174.025990	0.740985
174.469180	0.740985
174.808625	0.740877
174.705990	0.740877
174.992058	0.740769
175.070435	0.740985
175.278500	0.740877
175.578944	0.740877
175.774693	0.740663
176.022134	0.740769
176.141566	0.740769
176.193625	0.740769
176.675074	0.740877
176.741136	0.740769
176.961517	0.740663
178.203771	0.740769
177.198327	0.740769
178.017904	0.740769
178.152454	0.740556
178.607585	0.740556
178.737280	0.740663
178.882086	0.740769
179.260533	0.740556
179.613404	0.740663
179.886788	0.740663
179.991851	0.740663
180.422724	0.740556
181.087981	0.740450
181.022295	0.740556
181.335047	0.740663
181.386365	0.740556
181.559916	0.740342
181.818924	0.740556
182.105741	0.740342
182.381553	0.740450
182.276865	0.740450
182.876060	0.740450
183.020124	0.740450
183.111185	0.740450
183.452683	0.740450
183.568377	0.740234
183.895873	0.740342
184.000936	0.740234
184.287003	0.740342
184.443758	0.740234
184.730193	0.740234
184.915319	0.740234
185.070013	0.740342
185.578515	0.740234
185.564146	0.740234
185.630207	0.740127
185.761955	0.740127
185.761955	0.740127
186.530589	0.740234
186.441955	0.740234
186.336893	0.740234
186.373467	0.740127
186.881601	0.740019
185.486144	0.739913
186.102143	0.740234
186.779715	0.740019
187.080527	0.740127
187.027899	0.739913
187.628779	0.739913
188.007593	0.740127
188.348156	0.740019
188.843974	0.740127
189.208794	0.740127
189.483287	0.740127
190.292240	0.740127
189.743045	0.740127
190.982690	0.740019
191.153246	0.740019
191.154738	0.739913
191.988509	0.740127
192.745569	0.739913
193.004777	0.740019
193.999772	0.740019
191.992610	0.739913
193.345514	0.739913
193.423516	0.739913
194.742281	0.739805
193.662561	0.739700
195.814903	0.739805
195.709473	0.739700
196.259586	0.739700
197.015354	0.739700
196.273394	0.739592
197.552782	0.739592
197.502215	0.739700
196.512813	0.739700
199.402254	0.739700
199.117303	0.739592
197.630785	0.739592
197.980112	0.739700
198.151610	0.739700
198.007546	0.739592
198.531167	0.739484
198.844294	0.739592
198.973614	0.739592
199.130737	0.739592
199.523552	0.739592
199.965625	0.739378
198.972872	0.739592
198.762747	0.739592
198.557109	0.739592
198.557109	0.739592
198.620743	0.739592
198.581742	0.739592
198.711429	0.739484
198.569426	0.739378
198.581742	0.739378
198.738114	0.739484
198.723746	0.739484
198.738114	0.739484
198.711429	0.739592
198.909238	0.739484
198.738114	0.739484
198.723746	0.739378
198.711429	0.739484
198.933871	0.739484
198.569426	0.739484
198.620743	0.739484
198.620743	0.739484
198.816492	0.739484
198.789432	0.739484
198.828808	0.739484
199.011873	0.739484
198.933871	0.739484
198.738114	0.739378
198.906811	0.739484
198.750431	0.739484
198.948240	0.739269
198.816117	0.739269
198.948240	0.739484
198.882178	0.739378
198.738114	0.739484
198.711429	0.739269
198.777116	0.739484
198.699113	0.739484
198.686429	0.739378
198.789432	0.739378
198.801748	0.739484
198.906811	0.739269
198.855493	0.739484
198.840749	0.739484
198.789432	0.739484
198.711429	0.739269
198.816117	0.739269
198.909238	0.739378
198.894495	0.739484
198.933871	0.739269
198.723746	0.739484
198.882178	0.739378
198.699113	0.739269
199.065243	0.739484
198.960556	0.739378
198.984813	0.739484
199.065243	0.739484
198.828433	0.739484
199.102560	0.739484
198.738114	0.739378
198.801748	0.739592
198.606742	0.739378
199.065243	0.739484
199.246249	0.739484
198.972872	0.739484
199.340487	0.739484
200.252442	0.739592
200.188066	0.739484
200.213066	0.739484
200.630881	0.739484
200.892324	0.739484
200.486450	0.739378
201.142193	0.739378
202.206601	0.739378
201.463717	0.739378
203.240790	0.739378
203.136652	0.739163
203.280341	0.739269
203.348462	0.739163
203.581527	0.739269
204.026402	0.739269
204.195466	0.739269
205.044163	0.739269
205.979819	0.739163
206.596742	0.739055
205.567415	0.739269
205.856285	0.739269
206.323733	0.739055
206.610176	0.739163
207.003366	0.739269
206.911362	0.739055
207.275432	0.738949
207.747367	0.739163
208.021119	0.739163
208.060495	0.739055
208.217242	0.739055
208.713068	0.739055
208.779496	0.738949
209.129198	0.739055
208.884559	0.739055
209.274379	0.738949
209.953637	0.738842
210.359136	0.738949
210.827701	0.738842
210.683462	0.738949
210.763325	0.738949
210.002345	0.738949
209.522756	0.738842
209.508387	0.738842
209.483754	0.738949
209.706195	0.738949
210.227013	0.738842
210.239329	0.739055
210.398137	0.739055
210.332076	0.739055
209.939635	0.738842
210.464198	0.738842
210.383768	0.738949
210.540516	0.738842
210.789267	0.738949
210.776016	0.738949
211.181147	0.738949
211.193831	0.738949
211.572645	0.738949
211.883345	0.738734
211.780710	0.739055
211.819711	0.738949
211.859087	0.738949
212.134899	0.738949
212.212901	0.738949
212.328595	0.738949
212.668408	0.738949
212.785786	0.738949
212.954850	0.738842
213.047222	0.738842
212.915474	0.738842
212.954850	0.738842
213.218346	0.738842
212.981535	0.738842
213.333664	0.738842
213.177659	0.738949
213.465787	0.738949
213.988665	0.738628
213.883977	0.738628
214.013665	0.738842
214.262791	0.738734
214.639920	0.738734
214.678921	0.738734
214.666980	0.738734
215.082742	0.738734
215.148804	0.738628
215.371237	0.738628
215.672424	0.738734
215.528735	0.738628
215.997493	0.738734
216.129615	0.738734
216.819504	0.738734
216.819504	0.738734
216.951252	0.738628
217.210634	0.738628
217.253180	0.738520
217.880378	0.738413
218.715073	0.738628
218.739331	0.738628
218.597327	0.738628
218.833195	0.738520
219.235891	0.738520
219.304013	0.738734
219.575711	0.738628
219.720143	0.738520
219.744775	0.738628
219.822778	0.738628
219.654081	0.738520
219.864206	0.738628
219.967209	0.738628
219.991841	0.738520
220.096904	0.738628
220.371030	0.738628
220.410032	0.738628
220.502778	0.738628
220.595524	0.738628
220.737528	0.738413
220.789220	0.738413
220.710843	0.738413
220.842591	0.738520
221.248839	0.738413
221.794290	0.738520
221.689602	0.738520
222.121793	0.738520
222.173478	0.738520
222.393860	0.738305
222.513291	0.738305
222.513666	0.738199
222.865795	0.738413
222.695046	0.738413
222.970857	0.738305
223.217924	0.738413
223.374671	0.738199
223.492050	0.738413
223.753493	0.738305
223.689859	0.738199
224.054304	0.738305
224.105989	0.738413
224.091620	0.738413
223.919947	0.738305
221.991530	0.738091
223.558111	0.738413
224.235684	0.738305
224.144990	0.738305
225.123007	0.738305
224.223368	0.738091
224.653874	0.738305
225.177869	0.738199
225.321558	0.737984
225.530373	0.738199
226.143937	0.738199
226.782134	0.738199
227.095261	0.738199
227.305386	0.738199
227.552453	0.737984
227.904582	0.738091
228.244769	0.738091
228.466836	0.737984
228.049395	0.738091
229.132842	0.737984
229.328216	0.738091
229.458653	0.737984
229.615033	0.738091
230.020907	0.737878
230.568785	0.738091
231.023549	0.738091
231.141670	0.738091
231.402738	0.738091
231.586545	0.738091
232.161483	0.737984
232.605991	0.737878
232.867801	0.737984
232.917433	0.737984
231.898930	0.737770
232.371983	0.737770
233.244562	0.737984
232.917433	0.737770
233.779006	0.737878
233.324992	0.737770
233.744300	0.737662
234.172003	0.737770
234.445755	0.737770
234.851629	0.737662
234.809825	0.737770
234.654195	0.737878
235.360880	0.737662
233.127183	0.737984
234.511816	0.737770
234.996068	0.737878
235.607579	0.737878
236.221518	0.737770
236.482211	0.737770
237.590108	0.737770
235.880956	0.737770
236.406075	0.737662
236.744396	0.737662
236.350463	0.737770
235.779070	0.737770
236.236262	0.737662
237.486345	0.737555
237.904535	0.737770
238.532850	0.737662
238.740540	0.737555
238.885346	0.737662
239.472233	0.737449
239.785360	0.737662
239.250166	0.737662
240.279493	0.737555
241.169993	0.737555
242.288715	0.737555
241.547497	0.737555
242.369501	0.737449
243.285569	0.737449
243.597012	0.737449
243.976200	0.737341
244.304072	0.737341
245.086332	0.737449
245.450402	0.737449
245.946970	0.737449
245.922338	0.737449
246.194036	0.737449
246.378219	0.737341
246.874037	0.737341
247.016415	0.737341
247.345972	0.737233
247.619356	0.737128
247.735417	0.737128
247.852796	0.737233
248.493052	0.737128
249.001929	0.737020
249.276055	0.737128
249.679501	0.737020
249.615868	0.737128
249.745562	0.737128
249.955688	0.737233
250.058690	0.737233
250.178122	0.737128
250.190438	0.737233
250.202754	0.737128
250.307817	0.737128
250.413247	0.737128
250.816318	0.737128
251.037267	0.737020
250.592392	0.737128
247.905423	0.737020
248.062171	0.737128
248.020742	0.737128
247.969425	0.737128
248.113488	0.737128
247.969425	0.737020
247.930423	0.737128
248.125805	0.737128
247.930423	0.737020
247.981741	0.737128
248.218551	0.737128
247.930423	0.737128
248.125805	0.737128
248.243551	0.737233
248.086803	0.737128
248.257552	0.737233
248.255867	0.736912
248.230867	0.736912
248.321553	0.736912
248.113488	0.737020
248.140174	0.736912
248.086803	0.736912
248.125805	0.737128
248.035111	0.737128
248.167233	0.737020
248.269868	0.737128
248.270236	0.737128
248.309237	0.737128
248.206235	0.737233
248.167233	0.737233
248.360555	0.737020
248.282552	0.737128
248.218551	0.737128
248.416360	0.737128
248.294868	0.737128
248.294868	0.737020
248.218551	0.737020
248.309237	0.737233
248.333870	0.737020
248.167233	0.737128
248.191866	0.737020
248.191866	0.737128
248.113488	0.737020
248.269868	0.737128
248.270236	0.736912
248.230867	0.737128
248.218551	0.737020
248.206235	0.737128
248.218551	0.737020
248.377359	0.737128
248.440992	0.737128
248.362990	0.736912
248.360555	0.737128
248.294868	0.737128
248.333870	0.736912
248.101172	0.737128
248.086803	0.737020
248.257552	0.737128
248.113488	0.737128
248.348239	0.737128
248.125805	0.737020
248.389675	0.737128
248.348239	0.737020
248.166116	0.737128
249.783265	0.737128
249.614750	0.737128
249.654127	0.737128
249.001929	0.737233
249.941879	0.737020
250.359501	0.737128
249.838684	0.737128
250.866518	0.736912
251.182448	0.736912
251.391631	0.737020
251.861138	0.737020
251.848455	0.736912
251.809821	0.737020
252.111007	0.737020
253.361090	0.736699
254.355903	0.736912
254.760092	0.736912
255.214481	0.736912
255.804912	0.736912
256.325362	0.736699
254.957340	0.736699
256.729551	0.736912
256.926985	0.736912
257.279489	0.736807
257.907429	0.736807
258.455682	0.736807
258.820869	0.736807
259.446757	0.736807
259.290752	0.736699
260.358705	0.736699
260.856015	0.736699
261.562333	0.736591
261.586590	0.736807
261.249012	0.736807
262.489399	0.736591
263.129656	0.736699
262.917846	0.736591
263.467416	0.736591
263.428782	0.736699
263.439788	0.736483
264.030412	0.736483
264.133415	0.736699
264.380856	0.736699
264.630357	0.736699
265.243546	0.736483
264.994795	0.736591
264.514838	0.736699
266.510058	0.736483
266.457056	0.736591
266.601119	0.736378
267.476501	0.736483
267.239691	0.736591
267.788511	0.736591
268.297020	0.736483
267.110371	0.736483
267.254809	0.736270
268.439767	0.736378
268.076071	0.736162
266.558573	0.736270
268.113955	0.736378
268.650641	0.736378
268.179074	0.736378
268.362514	0.736162
268.859074	0.736270
269.081140	0.736378
269.093082	0.736378
268.873075	0.736378
269.016204	0.736378
269.395018	0.736378
269.993838	0.736378
269.917521	0.736378
269.995523	0.736270
269.734830	0.736270
270.098901	0.736378
269.525648	0.736270
270.461111	0.736270
269.549156	0.736270
268.404317	0.736270
270.296710	0.736270
270.164962	0.736270
270.517091	0.736056
270.556092	0.736270
270.725156	0.736270
271.067029	0.736056
270.894220	0.736162
271.155662	0.736270
271.052660	0.736162
271.301786	0.736270
271.277154	0.736056
270.622896	0.736162
269.421328	0.736056
270.465773	0.736270
270.972222	0.736056
270.934906	0.736270
270.751841	0.736270
271.262785	0.736270
271.353471	0.736270
271.612854	0.736270
271.600537	0.736270
271.744601	0.736056
271.798346	0.736270
272.241169	0.736162
272.150850	0.736162
272.241169	0.736162
272.502604	0.736056
272.476294	0.735949
272.761987	0.736056
272.490663	0.736162
272.722985	0.736162
272.657299	0.736162
272.738104	0.735949
273.273298	0.735949
273.481363	0.736056
273.662743	0.736056
273.572424	0.736056
273.784234	0.736162
273.794866	0.736162
274.369803	0.736162
274.707188	0.736162
274.983000	0.735949
275.100746	0.736162
275.360503	0.736162
275.558687	0.736162
275.883756	0.736056
275.937126	0.736162
276.668819	0.736162
276.419693	0.735949
277.031204	0.735949
277.307390	0.736056
277.933271	0.736056
277.831011	0.736056
278.222141	0.736162
278.730650	0.736056
279.015032	0.735949
279.175525	0.735949
279.305962	0.736056
279.538285	0.735949
279.826780	0.735843
280.166600	0.736056
280.452668	0.735949
280.609415	0.735735
280.937287	0.736056
281.433479	0.735949
281.616919	0.735843
281.875927	0.735843
281.824610	0.735843
282.568244	0.735843
282.084367	0.735843
281.954672	0.735949
282.568618	0.735843
282.646989	0.735949
282.984749	0.735843
283.101752	0.735627
282.803369	0.735627
282.607987	0.735735
283.128812	0.735735
283.444368	0.735735
283.549430	0.735627
284.107939	0.735735
284.263944	0.735520
284.878258	0.735735
284.944319	0.735627
285.909645	0.735627
285.650262	0.735735
285.767266	0.735627
285.557516	0.735843
285.506198	0.735735
285.608833	0.735735
285.623577	0.735735
283.730242	0.735520
285.492947	0.735627
286.379895	0.735520
286.903522	0.735627
287.514659	0.735735
287.947593	0.735735
288.534472	0.735627
288.822974	0.735627
289.032157	0.735520
289.799673	0.735520
289.853043	0.735412
290.099742	0.735520
289.853793	0.735520
290.677482	0.735306
291.158931	0.735306
290.923806	0.735412
291.329112	0.735306
291.458432	0.735412
292.658883	0.735520
292.986379	0.735520
293.077073	0.735412
293.352885	0.735412
293.509632	0.735306
293.637267	0.735306
293.600693	0.735412
294.096519	0.735306
293.952455	0.735412
294.488016	0.735412
294.566394	0.735306
294.669396	0.735412
294.945208	0.735306
294.879896	0.735412
294.996900	0.735306
295.505777	0.735198
295.388030	0.735198
295.493460	0.735412
295.493460	0.735412
295.701158	0.735198
295.767219	0.735198
295.845589	0.735306
296.158717	0.735198
296.276096	0.735198
296.132032	0.735306
296.302781	0.735412
296.484161	0.735198
296.549847	0.735198
296.706227	0.735093
296.471844	0.735198
296.811665	0.735306
296.956096	0.735198
297.452663	0.735306
297.660354	0.735198
297.753475	0.735093
298.181546	0.735198
298.431048	0.735198
298.717115	0.735093
298.612428	0.735198
298.756491	0.735306
298.756491	0.734985
299.003183	0.735198
298.756491	0.734985
299.003558	0.735093
298.913239	0.735198
298.859494	0.735198
299.370056	0.735198
299.148364	0.734985
299.174682	0.735093
299.580181	0.734985
299.671242	0.735093
299.698302	0.735093
300.570881	0.735093
297.984680	0.735093
298.364611	0.735093
298.232864	0.735093
298.389244	0.734985
298.232864	0.735093
298.337926	0.734985
298.232864	0.735093
298.142545	0.735093
298.364611	0.735093
298.167177	0.734985
298.403988	0.735093
298.350243	0.734985
298.206179	0.735093
298.548051	0.735093
298.311241	0.735198
298.350243	0.735198
298.690055	0.735198
298.350243	0.735093
298.690055	0.734985
298.430673	0.734985
298.364611	0.735198
298.508675	0.735198
298.455305	0.735198
298.389244	0.735198
298.430673	0.734985
298.350243	0.735198
298.626054	0.735198
298.574737	0.735093
298.469674	0.735198
298.560368	0.734985
298.442989	0.735093
298.520991	0.735198
298.350243	0.735093
298.442989	0.735198
298.599369	0.735198
298.311241	0.734877
298.587053	0.735093
298.574737	0.735093
298.651054	0.734985
298.587053	0.735093
298.638738	0.735093
298.821803	0.735198
298.626054	0.735093
298.455305	0.735093
298.574737	0.734985
298.469674	0.735093
298.716740	0.735093
298.613738	0.735093
298.442989	0.735198
298.455305	0.735198
298.587053	0.735198
298.469674	0.735093
298.376928	0.735093
298.350243	0.735093
298.469674	0.734877
298.430673	0.734985
298.508675	0.735093
298.469674	0.734877
298.587053	0.734877
298.494306	0.734877
298.442989	0.735093
298.638370	0.735093
298.469674	0.735093
298.494306	0.734985
298.508675	0.735093
298.574737	0.735093
298.638370	0.735093
298.599369	0.734985
298.613738	0.734985
298.560368	0.735093
298.560368	0.734985
298.520991	0.734877
298.535735	0.735093
298.613738	0.734985
298.677372	0.734877
297.998114	0.734985
297.711671	0.734877
297.789481	0.734985
299.135680	0.734985
300.297497	0.734985
300.324557	0.734769
300.558940	0.734985
301.092448	0.734877
301.211880	0.734877
301.889827	0.734985
302.269384	0.734985
302.816894	0.734769
303.063960	0.734877
303.756277	0.734985
304.592657	0.734985
305.010847	0.734769
305.480722	0.734877
305.703164	0.734769
306.119862	0.734877
306.535992	0.734877
306.458739	0.734662
307.138364	0.734769
307.126423	0.734769
307.437123	0.734877
307.334121	0.734662
307.489183	0.734877
307.869682	0.734769
307.659557	0.734769
307.738309	0.734769
307.946000	0.734877
308.156499	0.734662
308.300189	0.734662
308.117123	0.734662
308.117123	0.734769
308.222186	0.734556
308.183185	0.734769
308.351874	0.734662
308.376506	0.734556
308.156125	0.734769
308.365875	0.734769
306.092609	0.734662
308.457311	0.734662
305.883426	0.734769
306.497740	0.734662
306.446048	0.734877
306.262983	0.734769
306.301984	0.734985
306.326616	0.734877
306.236298	0.734877
306.407047	0.734985
306.301984	0.734769
306.262983	0.734662
306.563427	0.734662
306.392678	0.734662
306.419363	0.734769
306.575743	0.734769
306.473108	0.734769
306.680805	0.734769
305.951347	0.734769
307.033302	0.734662
306.341360	0.734769
306.823552	0.734662
307.919314	0.734769
308.066181	0.734662
309.044190	0.734769
309.892886	0.734556
310.179329	0.734556
310.363136	0.734769
310.610578	0.734662
311.578331	0.734662
311.666964	0.734556
312.385224	0.734556
312.412284	0.734662
312.674094	0.734769
312.569031	0.734556
313.117284	0.734448
313.496098	0.734556
313.860543	0.734662
313.887228	0.734448
314.293477	0.734662
314.149413	0.734556
314.540543	0.734662
314.761299	0.734662
314.893422	0.734662
315.415925	0.734556
314.684607	0.734556
315.142173	0.734448
315.245176	0.734662
315.768054	0.734662
315.844371	0.734448
315.663366	0.734448
315.766368	0.734662
316.235876	0.734556
315.900176	0.734448
316.433685	0.734556
316.316306	0.734556
316.355307	0.734342
316.223560	0.734448
316.367624	0.734448
316.653691	0.734556
316.824815	0.734342
316.627006	0.734556
316.668435	0.734556
316.839559	0.734556
317.125626	0.734448
317.358324	0.734448
317.189260	0.734448
317.111258	0.734342
317.111258	0.734448
317.164628	0.734556
316.993879	0.734448
317.203629	0.734342
317.020564	0.734235
317.008623	0.734448
317.204004	0.734448
317.099316	0.734342
317.687880	0.734342
317.451070	0.734342
317.661195	0.734342
317.568074	0.734342
317.294690	0.734342
317.622194	0.734448
317.896320	0.734342
317.960322	0.734342
317.674254	0.734342
317.908069	0.734127
318.534892	0.734342
318.781958	0.734235
322.200813	0.734235
320.335655	0.734127
319.944525	0.734342
320.311022	0.734342
320.648782	0.734342
320.936910	0.734342
321.342409	0.734235
322.008040	0.734342
321.382902	0.734448
321.707971	0.734342
321.983783	0.734127
322.555918	0.734235
322.294483	0.734235
322.502548	0.734235
322.138478	0.734342
323.299927	0.734127
323.365613	0.734342
323.314296	0.734127
323.468991	0.734127
323.691057	0.734235
323.495676	0.734235
323.691425	0.734127
324.134247	0.734127
323.926182	0.734021
323.874865	0.734021
323.065919	0.734021
323.613055	0.734021
323.705426	0.734021
324.069871	0.734127
325.273499	0.734235
325.036689	0.734235
325.454504	0.734021
324.109990	0.734235
324.344372	0.734127
326.066209	0.734235
325.272556	0.734021
326.408631	0.734235
326.173881	0.734235
326.394262	0.734127
327.191266	0.733911
327.452709	0.734127
327.022945	0.734021
327.452709	0.734127
327.570455	0.734021
327.061946	0.734021
327.973901	0.733911
328.160511	0.734021
328.940344	0.733911
328.928028	0.733911
329.175094	0.734127
329.813666	0.734021
330.300344	0.733911
330.794477	0.734021
331.263985	0.733911
331.550427	0.734021
331.982619	0.733911
331.840983	0.733806
332.218111	0.733806
332.621933	0.733698
332.949429	0.733911
333.577744	0.733911
333.967189	0.733698
334.567134	0.733806
334.594194	0.733698
335.209818	0.733911
335.914451	0.733911
336.356891	0.733911
336.841143	0.733911
337.190844	0.733911
337.623778	0.733806
337.623778	0.733806
337.896594	0.733806
338.497474	0.733806
338.876288	0.733698
339.150415	0.733806
339.685609	0.733592
339.778730	0.733592
340.468244	0.733806
340.521989	0.733698
340.899118	0.733698
341.109985	0.733484
341.826559	0.733592
341.997308	0.733698
342.531192	0.733698
343.617066	0.733484
344.125575	0.733592
344.398016	0.733377
344.869951	0.733592
345.625527	0.733484
346.147662	0.733484
345.245221	0.733592
345.011588	0.733377
347.034417	0.733484
347.635298	0.733592
348.039861	0.733377
348.616109	0.733484
349.086367	0.733484
349.777933	0.733377
350.039744	0.733163
350.457934	0.733377
350.637822	0.733377
347.818363	0.733271
348.419986	0.733377
348.354299	0.733377
348.354299	0.733271
348.380984	0.733271
348.341983	0.733377
348.380984	0.733271
348.275922	0.733271
348.261553	0.733163
348.288238	0.733163
348.249237	0.733377
348.275922	0.733271
348.327239	0.733163
348.236920	0.733377
348.393301	0.733271
348.459362	0.733377
348.393301	0.733271
348.314923	0.733271
348.327614	0.733163
348.393301	0.733163
348.261553	0.733271
348.486047	0.733377
348.288238	0.733377
348.447046	0.733377
348.419986	0.733377
348.341983	0.733271
348.341983	0.733377
348.498363	0.733271
348.366615	0.733271
348.341983	0.733377
348.486047	0.733377
348.366615	0.733271
348.444618	0.733377
348.576741	0.733055
348.498363	0.733271
348.642427	0.733271
348.366615	0.733377
348.549681	0.733377
348.366615	0.733377
348.393301	0.733377
348.419986	0.733163
348.471678	0.733271
348.564050	0.733271
348.471678	0.733163
348.510679	0.733271
348.564050	0.733271
348.486047	0.733271
348.444618	0.733271
348.405617	0.733271
348.486047	0.733271
348.549681	0.733163
348.498363	0.733271
348.510679	0.733271
348.498363	0.733271
348.471678	0.733055
348.549681	0.733377
348.718744	0.733377
348.615742	0.733163
348.706428	0.733163
348.486047	0.733163
348.564050	0.733163
348.603426	0.733271
348.654743	0.733271
348.591109	0.733055
348.733113	0.733377
348.564424	0.733377
350.911206	0.733271
348.432677	0.733271
349.399119	0.733271
350.913065	0.733271
351.162566	0.733271
351.475319	0.733163
351.525326	0.733271
351.877080	0.733271
352.492705	0.733163
352.821326	0.733055
353.339716	0.733055
353.890028	0.733163
354.306533	0.733163
354.817095	0.732948
355.140854	0.733163
355.743794	0.733163
356.108607	0.733055
356.592858	0.733055
356.827608	0.732948
357.361492	0.733055
358.234639	0.733163
357.782485	0.732948
358.850813	0.733163
359.372380	0.733055
360.313073	0.732948
360.885958	0.733055
361.864717	0.733055
361.996090	0.733055
361.852401	0.732842
362.520085	0.732734
363.157914	0.732842
363.342096	0.732948
363.914607	0.732842
364.893184	0.732842
364.398483	0.732842
365.416243	0.732626
365.403552	0.732626
365.875488	0.732626
366.083553	0.732842
366.460689	0.732734
366.775502	0.732842
367.206375	0.732842
367.414815	0.732842
367.898692	0.732734
370.090411	0.732734
367.713392	0.732734
369.674080	0.732734
370.574836	0.732626
370.981085	0.732734
371.879039	0.732734
372.089532	0.732734
373.197611	0.732734
373.876869	0.732626
374.114046	0.732521
374.296176	0.732413
375.065745	0.732626
375.576682	0.732413
376.394399	0.732521
376.542189	0.732413
377.730324	0.732413
378.617647	0.732521
379.660407	0.732521
380.469727	0.732626
381.070982	0.732413
381.646295	0.732413
382.520927	0.732413
383.055553	0.732197
384.074256	0.732307
382.142113	0.732307
384.350810	0.732307
384.506440	0.732197
384.765630	0.732413
386.306268	0.732092
388.018397	0.732092
389.244222	0.732197
390.812295	0.731984
392.289300	0.732092
393.828627	0.732092
394.547629	0.731984
396.165895	0.731876
396.633717	0.731984
397.235715	0.731984
398.071353	0.731876
398.878613	0.731876
399.323488	0.731876
400.198495	0.731771
398.043168	0.731876
398.031227	0.731663
398.068176	0.731876
398.148606	0.731876
398.121546	0.731771
398.238925	0.731876
397.926164	0.731771
398.082544	0.731771
398.082544	0.731557
398.028799	0.731771
398.016483	0.731663
398.107177	0.731771
398.407613	0.731771
398.094861	0.731771
398.028799	0.731663
397.989798	0.731557
398.277926	0.731771
398.304611	0.731771
398.094861	0.731771
398.304611	0.731771
398.277926	0.731771
398.250866	0.731771
397.977482	0.731663
398.226233	0.731771
398.304611	0.731771
398.199548	0.731663
398.368612	0.731663
398.277926	0.731663
398.382614	0.731663
398.253293	0.731663
398.277926	0.731557
398.331296	0.731557
398.238550	0.731663
398.199548	0.731663
398.395297	0.731663
398.605055	0.731663
398.238925	0.731557
398.329611	0.731557
398.370297	0.731771
398.133862	0.731557
398.187232	0.731771
398.407613	0.731771
398.458931	0.731557
398.380928	0.731557
398.475735	0.731771
398.708057	0.731771
398.253293	0.731663
398.380928	0.731771
398.497932	0.731771
398.304611	0.731771
398.419930	0.731557
398.553737	0.731771
398.485616	0.731771
398.238550	0.731771
398.419930	0.731663
398.631740	0.731557
398.488051	0.731663
398.656740	0.731663
398.304236	0.731771
398.265610	0.731771
398.343612	0.731557
398.473300	0.731663
398.226233	0.731663
398.223806	0.731771
397.847419	0.731557
398.238550	0.731557
398.956241	0.731663
397.587101	0.731449
398.383363	0.731663
399.139499	0.731557
398.224923	0.731557
399.112246	0.731663
398.774486	0.731449
399.478744	0.731342
399.545180	0.731557
397.599978	0.731449
399.988003	0.731449
400.510880	0.731557
401.122759	0.731557
401.216255	0.731557
402.142580	0.731342
402.351020	0.731449
403.238710	0.731449
403.578523	0.731449
403.828024	0.731557
404.295471	0.731449
404.256470	0.731557
404.374216	0.731449
404.872469	0.731557
405.041908	0.731557
405.550042	0.731557
405.862795	0.731449
405.955916	0.731449
406.293669	0.731342
406.607171	0.731342
406.239374	0.731342
408.133440	0.731342
408.174494	0.731126
408.225812	0.731126
408.383684	0.731236
409.699078	0.731126
410.158697	0.731342
410.081069	0.731342
410.956076	0.731126
411.841714	0.731236
413.129874	0.731236
412.299648	0.731020
413.203581	0.731236
414.634862	0.731126
414.493601	0.731126
414.909364	0.731236
415.224176	0.731236
415.419550	0.731126
416.136874	0.731020
415.617916	0.731126
416.216929	0.731126
417.571151	0.731126
417.363442	0.731020
417.533816	0.731126
416.883860	0.731126
418.710759	0.730913
419.192575	0.731126
419.245203	0.731020
419.937894	0.731020
419.520079	0.731126
421.203096	0.731020
421.166522	0.730913
422.023982	0.730807
423.263059	0.730913
423.110232	0.731020
423.643740	0.730913
423.396299	0.730913
422.536036	0.730807
422.013533	0.730913
425.172437	0.730699
425.001688	0.730913
425.510190	0.730913
426.006757	0.730699
426.331826	0.730807
427.457452	0.730807
427.704143	0.730807
428.215454	0.730807
428.932028	0.730807
429.402278	0.730699
429.911530	0.730807
431.489677	0.730807
431.831550	0.730699
432.053048	0.730699
432.666245	0.730591
433.097494	0.730699
433.998250	0.730699
434.494068	0.730591
434.847689	0.730591
435.891017	0.730486
436.362952	0.730591
436.752772	0.730591
437.823902	0.730486
438.841663	0.730486
439.467918	0.730486
440.839860	0.730486
441.402114	0.730486
442.078001	0.730378
443.125249	0.730378
444.129576	0.730378
445.941731	0.730486
444.218028	0.730378
445.904964	0.730378
446.949042	0.730378
446.793779	0.730270
448.006913	0.730270
