21.877000	0.751378
21.877000	0.751378
22.307411	0.751378
22.757549	0.751378
23.668529	0.751484
22.730070	0.751484
23.903416	0.751162
24.569425	0.751270
23.797290	0.751270
23.641520	0.751270
24.781775	0.751378
25.380281	0.751270
27.164215	0.751270
26.174299	0.751162
25.589559	0.751057
26.515508	0.750949
27.375962	0.751057
27.545166	0.750841
27.531828	0.750733
27.584307	0.750841
27.977960	0.750841
28.510954	0.750841
28.382288	0.750841
28.772676	0.750733
28.906423	0.750841
29.231448	0.750628
29.909728	0.750733
29.687897	0.750733
29.922926	0.750520
29.713456	0.750520
30.873927	0.750520
30.799050	0.750520
31.343758	0.750520
31.608650	0.750306
31.543199	0.750520
32.232478	0.750306
32.211023	0.750306
32.442926	0.750412
32.587453	0.750199
32.812129	0.750306
33.593132	0.750199
34.570024	0.750091
33.400037	0.749770
34.428945	0.749770
34.286985	0.749877
36.382834	0.749877
35.147064	0.749770
35.187558	0.749556
35.774253	0.749556
35.736038	0.749556
36.075064	0.749664
36.451730	0.749556
36.480938	0.749343
37.208476	0.749343
37.290398	0.749343
37.303552	0.749127
36.951982	0.749127
37.954484	0.749019
37.644203	0.749019
39.440732	0.748912
37.492449	0.749019
37.448498	0.749019
34.666593	0.748912
38.557503	0.748698
40.821543	0.748698
36.205546	0.748806
38.697464	0.748698
38.790908	0.748485
40.094178	0.748485
39.743080	0.748593
39.745314	0.748593
39.878361	0.748271
40.388127	0.748271
41.291355	0.748161
42.085696	0.747842
42.490688	0.747948
42.737526	0.747627
43.296787	0.747521
43.181373	0.747627
43.301265	0.747413
44.083202	0.747413
44.526627	0.747198
44.593108	0.747092
44.827160	0.746984
45.438392	0.746877
45.519432	0.746663
46.080089	0.746663
46.654703	0.746555
46.891653	0.746448
46.940866	0.746126
47.451288	0.746342
47.581167	0.746021
47.921869	0.746021
48.015078	0.746021
48.993000	0.745807
49.278369	0.745699
49.173961	0.745484
49.943111	0.745592
49.696603	0.745270
49.880227	0.745163
50.205436	0.745163
50.529858	0.745163
50.415142	0.744841
50.610986	0.744841
50.844103	0.744736
51.197917	0.744841
51.470218	0.744628
52.124285	0.744628
51.521310	0.744520
51.544408	0.744412
50.941756	0.744412
50.187254	0.744520
50.055690	0.744520
49.953011	0.744520
49.926326	0.744412
49.911862	0.744520
49.940651	0.744412
49.887185	0.744520
49.913966	0.744520
49.860500	0.744412
49.885176	0.744520
49.885176	0.744628
49.899545	0.744412
49.887185	0.744520
49.899501	0.744628
49.887185	0.744412
49.899545	0.744628
49.913870	0.744520
49.926326	0.744520
49.913966	0.744520
49.899545	0.744412
49.885176	0.744412
49.926282	0.744520
49.899545	0.744520
49.926282	0.744520
49.899501	0.744520
49.003265	0.744520
50.620039	0.744305
50.815045	0.744305
50.919077	0.744199
51.234073	0.744305
51.781907	0.744305
51.573702	0.744199
51.911839	0.744199
55.525507	0.744199
51.636219	0.744305
50.592988	0.744305
51.974304	0.744305
50.972263	0.744305
51.404210	0.744199
51.885380	0.744199
52.214369	0.744091
52.683406	0.744091
52.894883	0.743986
52.411984	0.743878
53.454938	0.743770
53.950756	0.743770
53.015893	0.743770
54.618019	0.743449
54.852541	0.743449
55.035929	0.743235
54.739640	0.743235
55.521063	0.743235
56.364487	0.743020
55.385265	0.743128
55.333852	0.743128
55.333808	0.743128
55.360633	0.742914
55.370985	0.742914
55.331564	0.742914
55.399355	0.743020
55.409846	0.743020
55.436487	0.742806
55.397530	0.742914
55.489718	0.742914
55.399355	0.742699
55.528954	0.742914
55.607141	0.742699
55.541454	0.742806
55.436392	0.742806
55.448987	0.742806
55.462989	0.742591
55.567860	0.742699
55.553396	0.742591
55.605132	0.742699
55.580272	0.742806
55.255291	0.742806
56.411424	0.742699
54.812790	0.742806
55.816235	0.742591
55.776903	0.742806
55.619876	0.742699
55.933003	0.742485
56.249020	0.742591
56.913438	0.742591
56.979264	0.742485
57.047001	0.742270
57.804262	0.742270
57.857255	0.742164
58.507907	0.742164
58.899596	0.742056
59.292735	0.742056
59.292970	0.741948
59.229842	0.741735
59.947726	0.741735
60.390409	0.741735
60.783827	0.741627
61.029024	0.741306
61.175516	0.741414
61.852809	0.741306
62.165937	0.741200
62.415107	0.740877
62.557582	0.740769
62.859650	0.740877
63.316422	0.740769
64.558290	0.740663
65.115745	0.740450
64.867326	0.740342
66.738315	0.740234
63.636464	0.740234
63.663752	0.740342
63.651487	0.740342
63.610381	0.740234
64.135773	0.740234
64.643959	0.740234
64.553221	0.740129
64.996550	0.740129
65.918450	0.739913
65.830128	0.740019
65.230933	0.739913
65.296524	0.739700
65.556421	0.739805
65.583062	0.739805
65.700764	0.739700
65.751846	0.739700
65.923529	0.739700
66.366998	0.739592
66.655354	0.739484
66.877839	0.739378
67.061044	0.739163
67.085860	0.739271
67.621473	0.739271
67.362649	0.739163
68.337682	0.739163
67.529104	0.738842
67.594229	0.739055
68.052398	0.738842
68.259905	0.738734
68.626314	0.738734
68.666381	0.738734
68.954370	0.738628
69.150074	0.738734
69.072167	0.738628
69.371573	0.738734
69.854707	0.738628
69.984306	0.738628
69.945584	0.738305
70.023954	0.738413
70.336296	0.738199
70.387657	0.738305
70.505080	0.738305
70.297478	0.738199
70.649144	0.738199
70.648725	0.737984
70.883475	0.737878
70.739507	0.737984
70.753369	0.737984
70.948838	0.737770
71.015083	0.737984
71.039341	0.737878
71.144264	0.737662
71.078901	0.737878
71.156999	0.737878
71.106992	0.737878
71.027024	0.737770
71.222266	0.737878
71.092762	0.737770
71.107410	0.737770
71.119212	0.737770
71.300923	0.737662
71.367212	0.737662
71.418111	0.737449
71.508334	0.737662
71.483893	0.737557
71.379109	0.737662
71.483981	0.737449
71.418713	0.737449
71.601918	0.737341
71.719018	0.737557
71.836624	0.737449
71.875625	0.737341
71.822535	0.737341
72.188665	0.737449
72.007608	0.737341
72.228129	0.737341
72.399437	0.737341
72.555207	0.737341
74.725942	0.737128
70.644205	0.737233
70.527759	0.737449
70.359489	0.737449
70.281435	0.737341
70.228065	0.737341
70.308312	0.737233
70.333128	0.737341
70.294031	0.737233
70.281671	0.737341
70.293987	0.737341
70.583136	0.737341
70.975942	0.737341
71.693075	0.737341
73.373492	0.737020
71.886405	0.737128
70.359578	0.737020
71.260194	0.737233
71.432854	0.737233
72.787765	0.737233
72.149847	0.737233
72.032468	0.737128
72.501138	0.737128
72.490079	0.737128
72.725483	0.736912
72.828258	0.737020
72.687320	0.737020
73.574922	0.737020
73.612806	0.737020
73.472478	0.736912
73.992221	0.736912
74.829213	0.736807
74.528586	0.736807
74.557042	0.736807
74.827947	0.736699
75.728757	0.736699
74.960349	0.736591
75.519844	0.736591
76.823447	0.736483
75.520412	0.736483
75.232241	0.736378
75.339119	0.736164
76.324696	0.736164
76.721228	0.736270
76.552113	0.736270
76.904103	0.736164
76.760928	0.735949
77.139838	0.736056
77.531152	0.735949
77.504466	0.735949
77.715429	0.735949
78.052440	0.735843
78.381298	0.735735
80.238705	0.735843
78.781900	0.735843
77.685246	0.735843
77.802485	0.735843
77.750748	0.735843
77.790404	0.735735
77.594699	0.735735
77.478158	0.735520
78.063597	0.735627
77.205943	0.735412
76.008521	0.735520
77.441487	0.735520
77.636537	0.735412
78.615306	0.735412
81.494199	0.735306
79.427280	0.735093
80.089734	0.735198
78.291012	0.734985
79.322496	0.734985
80.808787	0.735093
80.548836	0.734985
81.619268	0.734985
81.970699	0.734985
81.174437	0.734771
82.308836	0.734771
86.016507	0.734556
83.053910	0.734556
83.002451	0.734448
83.252085	0.734342
83.591390	0.734235
84.049184	0.734235
84.531148	0.734235
84.623519	0.734127
85.001775	0.734021
84.948868	0.734021
85.013619	0.733913
86.132480	0.733698
86.320626	0.733698
85.681119	0.733484
86.306301	0.733592
86.566058	0.733484
87.244802	0.733377
87.063229	0.733377
87.521118	0.733163
87.911690	0.733271
87.899513	0.733163
88.212920	0.733058
88.774564	0.732842
88.682149	0.732948
88.852479	0.732734
88.851073	0.732734
89.283169	0.732734
89.283867	0.732521
89.855444	0.732413
89.765316	0.732521
89.726124	0.732413
90.469199	0.732413
90.522341	0.732307
90.184249	0.732200
91.253189	0.732200
90.980650	0.731984
91.266762	0.732200
91.293028	0.732092
91.735990	0.731984
92.152784	0.730913
91.983904	0.731128
91.969579	0.730913
92.140607	0.731020
92.140931	0.731020
92.739288	0.730807
92.167153	0.730699
92.621681	0.730699
92.504773	0.730699
93.777868	0.730699
90.622884	0.730699
90.662767	0.730591
90.492158	0.730699
90.518894	0.730699
90.504569	0.730699
90.426471	0.730591
90.480032	0.730486
90.479893	0.730591
90.375110	0.730699
90.453252	0.730699
90.440752	0.730591
90.480121	0.730486
90.467760	0.730486
90.401751	0.730591
90.545623	0.730591
90.479753	0.730486
90.492349	0.730486
90.519034	0.730591
90.492158	0.730486
90.454981	0.730591
90.493982	0.730591
90.533263	0.730591
90.545579	0.730486
90.506718	0.730591
90.479797	0.730591
90.465428	0.730486
88.825463	0.730486
90.817096	0.730591
91.459673	0.730378
91.795436	0.730486
92.034053	0.730591
91.315007	0.730591
91.484727	0.730486
90.231560	0.730270
91.343787	0.730378
93.052327	0.730162
93.314461	0.730162
93.651802	0.730270
93.928032	0.730162
94.084736	0.730162
93.955555	0.730057
95.008914	0.729949
95.598218	0.729949
96.171436	0.729949
94.948681	0.729949
95.639087	0.729949
96.111066	0.729841
96.488011	0.729735
96.490953	0.729520
96.879281	0.729628
96.763166	0.729628
97.260101	0.729414
98.028928	0.729414
98.081084	0.729306
98.225236	0.729414
98.776107	0.729091
99.505232	0.729199
99.715166	0.728985
100.106716	0.728877
100.094914	0.728985
100.485765	0.728770
100.616761	0.728770
101.384182	0.728770
101.726099	0.728556
102.725205	0.728556
100.687396	0.728556
100.142549	0.728341
100.115768	0.728556
100.089502	0.728556
99.984396	0.728556
100.103548	0.728341
100.179821	0.728448
100.113899	0.728448
100.089363	0.728448
100.050177	0.728448
100.154770	0.728341
100.245691	0.728448
100.206602	0.728448
100.194006	0.728341
100.074758	0.728341
100.206227	0.728341
100.233287	0.728341
100.272332	0.728127
100.154770	0.728341
100.140540	0.728341
100.271913	0.728341
100.259972	0.728341
100.296825	0.728341
100.154865	0.728235
100.218587	0.728235
100.296450	0.728235
100.352299	0.728127
100.323414	0.728127
100.272148	0.728127
100.179542	0.727914
100.284134	0.727914
100.401513	0.727914
100.376836	0.728127
100.311289	0.728019
100.179402	0.728019
100.269625	0.728019
100.362276	0.728019
100.388961	0.727914
100.298973	0.727806
100.350011	0.727914
100.245228	0.727806
100.415742	0.728127
100.401189	0.728019
100.426329	0.727914
100.323187	0.727914
100.376976	0.727806
100.401233	0.727914
100.413549	0.727914
100.545341	0.727806
100.467295	0.728019
100.428521	0.728019
100.374732	0.727806
100.350011	0.728019
100.415742	0.727806
100.570157	0.727806
100.479890	0.727806
100.440654	0.728019
100.401652	0.728019
100.465051	0.728019
100.545481	0.728019
100.518421	0.727914
100.323187	0.728019
100.401513	0.727806
100.386769	0.727914
100.388873	0.727806
100.506156	0.727806
100.376932	0.727914
100.426329	0.727914
100.376601	0.727806
100.376557	0.727914
100.427874	0.727806
100.452970	0.727914
99.826898	0.727914
98.502721	0.727914
100.756016	0.727914
102.166077	0.727590
102.022667	0.727806
102.467682	0.727700
102.311353	0.727590
102.924175	0.727590
103.053775	0.727485
103.328085	0.727377
104.537404	0.727485
103.342077	0.727269
103.799731	0.727377
104.557550	0.727269
105.261389	0.727164
105.457748	0.727269
105.887600	0.727164
106.265951	0.727164
106.342548	0.727056
106.501451	0.727056
105.955616	0.727056
106.411874	0.726950
107.181775	0.726950
106.999459	0.726735
107.561243	0.726629
107.925967	0.726735
108.395284	0.726519
108.407276	0.726629
108.721007	0.726519
108.982119	0.726519
108.540141	0.726306
109.529908	0.726413
110.285353	0.726306
107.849457	0.726200
109.741011	0.726200
110.185318	0.726200
110.602347	0.726092
110.940055	0.726200
111.346304	0.725984
111.477912	0.725879
111.776899	0.725984
113.612204	0.725879
111.673242	0.725879
111.476506	0.725555
112.625220	0.725555
112.820462	0.725663
113.133171	0.725663
113.147635	0.725555
113.212570	0.725342
113.825156	0.725342
114.111834	0.725342
113.618863	0.725234
114.061869	0.725128
114.662007	0.725234
114.739775	0.725021
114.819034	0.725128
115.391265	0.724915
115.471695	0.725128
114.569584	0.725021
115.640531	0.724915
115.863619	0.724915
116.136016	0.724915
116.333685	0.724805
116.776875	0.724805
117.170293	0.724699
117.534790	0.724699
117.940289	0.724592
118.629428	0.724592
119.415564	0.724378
118.500483	0.724270
118.515881	0.724270
118.997609	0.724163
119.335039	0.723949
119.584444	0.723949
119.818775	0.723841
120.626785	0.723949
120.747893	0.723841
120.733663	0.723734
121.635965	0.723628
122.117738	0.723520
122.641872	0.723412
123.151124	0.723199
123.804579	0.723199
124.481732	0.723091
124.743498	0.723199
125.187536	0.723091
125.705744	0.722983
126.048776	0.722662
126.233377	0.722556
126.925554	0.722662
128.772093	0.722343
127.327283	0.722449
126.237587	0.722449
126.099535	0.722343
126.270843	0.722343
127.670489	0.722235
129.052040	0.722127
131.126425	0.721914
129.718004	0.721914
131.506547	0.721914
130.279316	0.721698
132.384538	0.721593
133.441858	0.721272
134.209419	0.721056
134.641375	0.721162
135.237316	0.720948
133.514363	0.720948
133.500222	0.720948
133.541327	0.720843
133.592645	0.720735
133.607013	0.720843
133.724017	0.720735
133.709648	0.720521
133.763114	0.720627
133.841161	0.720627
133.867802	0.720627
133.839152	0.720414
133.878154	0.720414
133.904839	0.720414
133.929515	0.720627
133.970621	0.720414
133.997401	0.720306
134.034298	0.720521
134.048719	0.720414
134.009622	0.720414
133.020588	0.720306
134.742197	0.720414
135.289236	0.720092
135.316532	0.720306
135.837349	0.720306
135.719699	0.720092
135.734207	0.719985
135.719463	0.720198
135.602923	0.720092
135.954214	0.720092
135.993310	0.719985
135.876211	0.719985
136.044768	0.719877
135.968634	0.719877
136.044628	0.719663
136.200773	0.719877
136.095850	0.719771
135.966625	0.719771
136.149595	0.719771
136.110454	0.719771
136.188501	0.719558
136.122631	0.719663
136.489738	0.719663
136.568300	0.719558
136.646390	0.719558
137.025675	0.719558
137.130642	0.719342
137.182518	0.719342
137.520043	0.719234
137.483704	0.719448
137.939210	0.719448
138.344989	0.719342
138.800451	0.719127
139.088667	0.719234
139.533733	0.719234
139.546608	0.719127
140.145664	0.719127
140.211909	0.718913
140.825289	0.718913
140.916218	0.719021
141.152697	0.718913
141.126615	0.719021
141.373593	0.719021
141.921331	0.718913
142.170597	0.718913
142.326742	0.718807
142.299822	0.718592
142.537330	0.718807
142.887825	0.718700
142.836552	0.718700
143.396187	0.718592
143.398152	0.718592
143.515810	0.718484
143.643724	0.718484
143.904696	0.718376
143.997207	0.718376
144.011488	0.718271
144.075401	0.718376
144.128771	0.718376
144.101947	0.718271
143.957978	0.718057
144.153823	0.718163
144.493312	0.718163
144.388712	0.718057
144.559322	0.717949
144.480996	0.717842
144.493540	0.718057
144.623095	0.718057
144.767063	0.717842
144.662559	0.717949
144.948348	0.718057
144.896847	0.718057
144.909302	0.717842
145.170789	0.717949
145.261431	0.717842
145.248931	0.717842
145.224255	0.717736
145.341303	0.717736
145.105147	0.717520
145.354038	0.717628
145.600546	0.717736
145.534999	0.717736
145.418693	0.717628
145.889974	0.717520
145.629002	0.717413
146.152159	0.717520
146.880770	0.717520
146.908528	0.717307
147.052313	0.717413
147.116733	0.717199
147.717988	0.717307
147.810220	0.717413
147.835455	0.717307
148.111267	0.717091
148.358568	0.717307
148.463815	0.716986
148.605914	0.716986
148.737941	0.717199
149.088341	0.717091
149.376094	0.717091
149.371476	0.717091
149.085452	0.717091
148.029624	0.717091
148.068905	0.717091
148.005087	0.716878
148.003123	0.716878
148.017403	0.716878
147.912760	0.716986
148.316066	0.716878
147.837131	0.716878
148.056361	0.716770
148.721147	0.716770
148.266241	0.716770
148.734955	0.716878
149.285172	0.716770
149.124828	0.716878
147.615814	0.716770
149.268378	0.716770
148.827745	0.716770
148.296792	0.716770
149.156078	0.716770
149.509463	0.716662
151.465587	0.716662
151.725440	0.716662
152.157764	0.716662
152.458487	0.716449
152.614397	0.716557
152.495663	0.716557
152.940355	0.716341
153.057917	0.716449
153.528263	0.716341
153.593574	0.716341
153.879782	0.716128
153.879738	0.716128
154.166599	0.716128
154.454631	0.716128
154.506507	0.716128
154.976059	0.716020
155.212913	0.716020
155.252150	0.715914
155.552682	0.715914
155.682326	0.715914
155.863845	0.715699
156.097993	0.715807
156.151363	0.715699
155.958556	0.715699
156.322766	0.715485
156.490196	0.715591
156.753735	0.715699
156.907453	0.715591
156.909696	0.715485
156.283904	0.715485
157.140902	0.715591
158.316352	0.715485
157.468259	0.715485
158.096381	0.715378
157.615630	0.715164
158.397611	0.715164
158.607361	0.715270
158.763785	0.715164
158.620052	0.715056
158.842207	0.715164
158.698143	0.715056
158.280232	0.715164
159.011506	0.715164
159.495243	0.715056
159.468278	0.714949
159.324773	0.714949
159.727801	0.714949
159.714742	0.715056
159.714691	0.715056
159.519177	0.714949
158.892782	0.714841
159.114937	0.714949
159.194012	0.714735
159.663844	0.714841
159.961110	0.714841
159.131033	0.714841
159.859592	0.714841
159.884225	0.714627
159.847328	0.714627
160.030158	0.714735
159.794185	0.714735
159.926029	0.714735
159.989706	0.714627
160.394742	0.714520
160.497326	0.714627
159.925191	0.714627
158.960649	0.714627
160.617412	0.714627
160.746636	0.714520
160.590447	0.714520
160.773512	0.714520
160.629353	0.714520
160.629544	0.714520
160.707914	0.714627
160.785968	0.714520
160.888971	0.714627
160.915472	0.714520
159.859592	0.714414
159.302287	0.714520
160.771408	0.714414
160.666625	0.714414
160.800197	0.714414
160.642507	0.714414
160.996042	0.714414
160.967157	0.714200
161.204202	0.714306
161.150641	0.714306
161.399393	0.714306
160.941459	0.714306
160.915332	0.714200
160.433132	0.714200
162.114056	0.714091
161.425754	0.714200
160.735349	0.714306
161.764161	0.714091
162.053127	0.714200
161.190804	0.714306
161.830318	0.714306
160.715710	0.713985
160.091689	0.714200
159.699249	0.714200
159.413181	0.714306
161.136316	0.714306
161.569250	0.714306
160.786247	0.714306
161.256865	0.714200
162.209314	0.714200
162.653072	0.714200
162.914507	0.714091
162.939882	0.714200
163.541137	0.713985
164.113647	0.714091
163.933384	0.713877
164.365008	0.714091
165.055457	0.713985
165.419903	0.713985
165.472337	0.713877
165.239822	0.713664
166.492525	0.713664
166.989835	0.713664
167.681034	0.713556
168.201852	0.713556
168.255604	0.713556
168.605673	0.713556
168.490355	0.713450
168.697109	0.713342
169.248357	0.713342
169.246672	0.713342
169.755181	0.713235
169.650119	0.713127
169.911561	0.713127
170.135680	0.713127
170.564876	0.713127
170.669564	0.713021
170.408496	0.712913
170.433871	0.712913
170.942941	0.713021
171.047068	0.712806
171.112754	0.712913
171.517886	0.712700
171.596631	0.712806
171.608947	0.712806
171.675008	0.712700
171.858441	0.712700
172.092823	0.712700
172.261887	0.712700
172.300888	0.712484
172.521645	0.712700
172.812200	0.712700
172.994890	0.712700
172.851201	0.712484
173.071582	0.712484
173.553399	0.712484
173.267331	0.712271
173.685521	0.712379
173.866901	0.712379
174.011340	0.712379
174.231346	0.712271
174.260834	0.712271
174.612963	0.712271
175.068094	0.712055
175.317595	0.712163
175.537977	0.712055
175.931160	0.712055
176.087540	0.712055
176.322297	0.712055
176.257353	0.711842
176.569731	0.711950
176.661167	0.711734
177.185730	0.711842
177.301049	0.711734
177.379426	0.711734
177.890363	0.711842
177.836618	0.711734
177.758990	0.711734
178.214121	0.711734
178.450932	0.711734
178.619620	0.711629
179.050502	0.711521
178.933498	0.711629
179.377998	0.711521
180.168848	0.711521
178.201998	0.711305
178.305376	0.711415
178.241374	0.711415
178.332061	0.711415
178.477617	0.711305
178.987243	0.711305
179.938942	0.711092
180.462562	0.710984
180.840634	0.711200
181.271882	0.710878
181.793450	0.710878
182.421390	0.711092
182.475317	0.710878
183.503527	0.710770
184.432653	0.710878
184.420144	0.710665
185.333777	0.710665
186.128354	0.710341
186.706469	0.710449
186.678098	0.710449
187.356606	0.710128
187.408666	0.710234
187.958979	0.710128
188.689554	0.710128
188.987563	0.710128
185.176836	0.710020
189.015547	0.709915
189.971359	0.709915
191.652884	0.709805
192.176137	0.709699
192.956905	0.709699
193.362961	0.709483
195.134247	0.709483
194.470858	0.709483
194.996152	0.709270
194.763454	0.709162
194.031569	0.709054
195.923961	0.708949
197.526741	0.708733
198.090112	0.708733
199.029869	0.708733
199.630750	0.708414
200.661194	0.708414
201.159072	0.708199
201.614203	0.708091
202.112456	0.708199
203.920692	0.707877
200.043722	0.707983
200.044839	0.708091
200.291905	0.707770
200.135532	0.707877
200.108472	0.707877
200.227904	0.707877
200.252536	0.707877
200.252536	0.707770
200.239845	0.707770
200.147474	0.707556
200.330539	0.707556
200.252161	0.707662
200.252161	0.707662
200.278847	0.707662
200.317848	0.707662
200.447543	0.707556
200.369165	0.707556
200.435227	0.707448
200.447543	0.707556
200.474228	0.707556
200.434852	0.707662
200.395850	0.707556
200.474228	0.707556
200.616232	0.707448
200.488597	0.707448
200.552230	0.707341
200.566599	0.707341
200.616232	0.707341
200.539914	0.707341
200.669602	0.707233
200.694234	0.707341
200.591232	0.707341
200.786981	0.707233
199.990351	0.707233
200.422910	0.707127
201.322175	0.707233
200.956419	0.707233
201.608242	0.707233
201.450927	0.707233
201.347549	0.707233
201.766114	0.707127
201.834228	0.707127
201.531925	0.707127
201.358942	0.707019
201.439179	0.707019
202.989898	0.707127
201.623736	0.707127
202.928306	0.707019
203.713369	0.707019
204.389075	0.707019
203.816746	0.706806
204.182502	0.706912
204.246878	0.706806
204.535005	0.706806
204.952821	0.706698
204.887134	0.706806
205.173202	0.706806
205.016822	0.706806
206.008465	0.706806
205.507054	0.706590
204.975586	0.706806
205.763258	0.706698
206.000992	0.706590
207.185582	0.706590
207.421824	0.706377
208.347031	0.706483
208.790221	0.706377
208.673960	0.706269
208.455071	0.706377
209.991789	0.706377
208.894909	0.706269
207.786463	0.706163
209.352294	0.706377
212.560088	0.706377
210.592295	0.706269
210.460922	0.706056
210.919799	0.706269
211.023918	0.706056
211.664175	0.706056
211.898557	0.705842
212.196567	0.705948
211.938676	0.705948
213.582510	0.705948
212.890000	0.705732
213.283558	0.705627
213.740382	0.705627
214.249258	0.705519
214.225001	0.705732
214.496325	0.705627
214.706450	0.705627
214.731825	0.705519
215.960645	0.705519
215.567830	0.705413
216.299523	0.705198
216.420071	0.705305
217.578718	0.705198
217.345278	0.705198
217.527775	0.705305
217.878787	0.705198
217.878787	0.705198
217.994106	0.704984
217.667170	0.705092
218.333369	0.705092
218.282234	0.704984
218.221584	0.704984
218.949724	0.704769
219.890418	0.704876
220.151860	0.704769
220.464988	0.704555
220.673053	0.704663
220.634426	0.704769
221.428628	0.704663
221.716381	0.704447
221.875189	0.704447
221.691930	0.704555
222.174690	0.704555
222.553504	0.704555
222.996694	0.704447
222.986244	0.704342
223.991314	0.704234
224.799517	0.704126
224.957938	0.704021
225.416440	0.703913
226.511085	0.703913
226.995337	0.704021
227.426211	0.703913
227.766398	0.703805
228.521224	0.703805
228.926730	0.703484
230.994916	0.703484
226.436434	0.703592
229.748734	0.703592
229.954372	0.703376
230.751376	0.703484
230.530252	0.703270
229.970608	0.703270
231.042488	0.703270
231.798999	0.703163
231.928319	0.703057
233.371734	0.703057
232.801640	0.702947
232.894387	0.703057
233.246515	0.703057
234.004518	0.702734
235.203852	0.702841
230.950677	0.702841
233.796635	0.702734
235.335406	0.702628
235.426467	0.702628
236.171412	0.702628
236.184470	0.702412
236.276474	0.702520
236.469796	0.702307
237.303567	0.702412
237.905746	0.702412
236.745607	0.702307
237.803486	0.702091
238.077612	0.702199
238.780378	0.702199
237.514616	0.702199
238.927051	0.701983
239.892002	0.702091
240.218563	0.701878
240.741815	0.701983
241.342696	0.701770
241.614395	0.701770
242.216017	0.701770
242.318652	0.701662
242.635325	0.701556
242.948452	0.701449
243.468528	0.701449
246.009024	0.701449
242.918965	0.701449
244.135651	0.701341
244.996289	0.701233
244.945714	0.701233
246.446233	0.701127
246.850055	0.701020
247.595741	0.701020
249.469288	0.700806
246.541589	0.700912
248.208745	0.700806
249.538883	0.700591
249.343876	0.700698
250.168509	0.700591
252.777656	0.700591
252.835890	0.700377
249.211205	0.700485
250.020525	0.700377
250.176905	0.700269
250.267591	0.700377
250.255275	0.700269
250.279908	0.700162
250.269277	0.700269
250.215906	0.700269
250.281593	0.700269
250.557404	0.700162
250.371912	0.700162
250.435913	0.700056
250.396912	0.700056
250.332910	0.700056
250.371912	0.700056
250.501599	0.699948
250.398222	0.699948
250.579602	0.699948
250.552917	0.699840
250.513915	0.699948
250.540601	0.699948
250.699041	0.699948
250.630919	0.699948
250.803728	0.699840
250.606287	0.699840
250.803728	0.699840
250.579602	0.699735
250.657604	0.699735
250.630919	0.699735
250.632605	0.699735
250.723291	0.699735
250.723291	0.699735
250.946107	0.699735
251.415982	0.699627
251.349921	0.699627
251.299546	0.699521
250.578860	0.699735
250.566543	0.699735
251.298978	0.699627
250.426774	0.699627
251.691794	0.699521
251.912175	0.699414
252.043923	0.699414
252.109984	0.699521
252.198617	0.699306
252.710296	0.699414
253.518125	0.699414
253.126059	0.699306
253.714998	0.699306
253.740373	0.699306
254.458999	0.699306
254.694499	0.699306
255.256753	0.699198
255.308071	0.699198
255.856323	0.699306
256.208820	0.699306
256.837135	0.699198
257.097260	0.699198
257.672205	0.698877
258.337087	0.698877
258.286519	0.698985
258.796512	0.698985
259.788156	0.698771
260.128711	0.698771
260.283031	0.698771
261.313675	0.698771
260.883911	0.698663
261.509799	0.698448
262.135679	0.698556
261.941047	0.698556
262.592871	0.698556
262.607614	0.698340
262.697933	0.698448
263.153439	0.698340
263.651317	0.698340
264.211511	0.698448
263.153633	0.698234
262.565068	0.698234
262.589887	0.698340
264.211136	0.698127
263.523114	0.698021
264.396243	0.698021
266.615022	0.698127
268.559299	0.697913
268.809717	0.698021
268.861035	0.697913
269.032901	0.697805
269.409662	0.697805
269.741453	0.697590
271.070107	0.697700
269.336503	0.697590
272.153178	0.697590
272.413303	0.697590
272.780926	0.697484
273.482381	0.697484
274.125065	0.697376
273.604047	0.697271
275.533206	0.697271
276.251647	0.697163
275.482070	0.697163
276.264705	0.697055
277.610155	0.697055
277.060967	0.696842
277.638514	0.696949
278.707785	0.696626
279.577748	0.696734
280.246556	0.696734
280.872618	0.696626
279.307173	0.696413
279.265737	0.696520
278.705350	0.696520
280.587861	0.696413
281.004559	0.696413
281.211314	0.696413
282.918600	0.696305
279.815308	0.696305
281.734941	0.696305
282.413256	0.696199
282.766502	0.696199
285.411312	0.696091
282.133343	0.696091
284.297434	0.695876
285.796086	0.695770
286.672585	0.695662
287.336724	0.695662
286.456112	0.695555
289.050902	0.695341
290.734480	0.695233
291.633377	0.695341
292.010505	0.695233
292.769251	0.695128
293.668890	0.694914
293.813696	0.694804
294.467011	0.694914
295.534972	0.694699
296.216657	0.694483
295.238822	0.694483
296.478274	0.694591
297.874106	0.694483
299.231304	0.694377
299.623552	0.694164
300.407497	0.694164
300.992323	0.694164
301.343528	0.693948
301.615045	0.693948
299.946954	0.694056
299.854208	0.693841
299.829575	0.693948
299.868577	0.693948
300.037273	0.693841
300.051642	0.693948
300.076274	0.693948
300.115275	0.693841
300.337709	0.693841
300.088216	0.693733
300.193278	0.693627
300.428028	0.693414
300.219963	0.693627
300.361967	0.693519
300.361967	0.693414
300.374283	0.693519
300.324651	0.693414
300.452286	0.693519
300.349283	0.693519
300.375968	0.693306
300.402653	0.693519
300.402653	0.693414
300.309907	0.693306
300.441655	0.693306
300.441655	0.693198
300.466287	0.693198
300.105194	0.693306
302.683748	0.693090
303.899317	0.693198
303.443618	0.693198
304.042438	0.692877
303.575915	0.692877
305.325186	0.692877
305.744119	0.692983
306.902765	0.692983
308.962930	0.692877
305.897696	0.692877
306.496891	0.692877
306.551011	0.692664
306.878508	0.692556
307.061573	0.692664
305.350561	0.692769
306.367946	0.692556
308.248397	0.692664
308.497330	0.692556
309.684715	0.692448
309.177330	0.692556
310.104965	0.692448
310.196026	0.692448
312.341840	0.692556
310.794286	0.692448
311.969362	0.692235
311.750098	0.692342
312.909862	0.692235
312.651596	0.692235
314.423440	0.692019
314.844432	0.692127
315.767579	0.692019
316.291575	0.691913
316.143417	0.691913
315.011262	0.691698
314.801137	0.691806
314.372497	0.691698
314.921125	0.691698
316.539016	0.691806
317.321651	0.691698
317.414397	0.691592
317.817844	0.691592
318.614848	0.691592
318.720285	0.691484
318.759287	0.691269
319.007663	0.691484
318.824030	0.691377
319.648469	0.691377
320.442671	0.691377
320.744232	0.691269
321.436173	0.691055
321.931991	0.691163
322.169176	0.690948
322.169551	0.690948
322.793004	0.690948
322.742804	0.690842
323.643753	0.690948
323.656070	0.690842
323.864135	0.690842
324.333267	0.690842
323.825133	0.690842
324.192381	0.690626
324.477138	0.690734
324.962700	0.690734
325.457575	0.690734
325.875765	0.690519
326.032520	0.690413
326.750779	0.690413
327.310973	0.690519
327.610667	0.690305
327.506722	0.690413
327.755848	0.690197
328.198296	0.690305
328.655487	0.690197
328.707547	0.690305
329.110619	0.690197
328.981674	0.690197
329.216799	0.689984
329.724933	0.690092
329.908740	0.689984
330.155064	0.690092
330.260127	0.690092
330.639316	0.689770
330.795688	0.689984
330.808004	0.689878
330.808004	0.689770
331.005813	0.689878
331.020932	0.689878
331.514322	0.689770
331.801882	0.689770
332.388019	0.689663
332.387269	0.689663
332.388761	0.689663
333.160765	0.689663
333.106645	0.689447
333.264518	0.689557
333.926597	0.689447
333.732901	0.689447
333.693899	0.689447
334.295155	0.689234
333.953282	0.689447
334.112090	0.689234
334.633282	0.689341
334.527852	0.689234
334.348332	0.689234
335.130225	0.689234
335.506236	0.689234
335.272228	0.689128
335.848484	0.688912
335.653102	0.689020
336.083976	0.689128
336.577742	0.689128
336.734864	0.688912
337.125994	0.689128
337.336119	0.689020
337.439122	0.689020
337.544184	0.689020
337.962000	0.688912
337.753935	0.688912
338.132749	0.688807
338.301812	0.688699
338.172125	0.688699
338.394933	0.688591
338.473311	0.688699
338.862756	0.688591
339.031820	0.688591
341.245380	0.688591
338.287637	0.688591
338.014627	0.688483
337.883255	0.688591
339.048798	0.688483
339.464011	0.688483
339.451695	0.688378
339.126058	0.688483
340.391453	0.688483
340.689462	0.688483
340.899212	0.688378
340.392937	0.688270
341.983776	0.688378
342.181585	0.688270
342.583346	0.688162
343.223970	0.688057
343.340974	0.688162
343.537847	0.688270
344.532092	0.688057
345.743742	0.688162
346.018985	0.688057
346.709810	0.688057
346.554547	0.687949
347.493187	0.687949
347.977439	0.687841
348.266684	0.687949
348.958625	0.687841
349.192440	0.687841
349.986642	0.687841
350.157765	0.687841
350.548896	0.687628
351.332841	0.687520
351.462904	0.687628
351.528590	0.687628
351.881094	0.687520
352.337543	0.687306
352.191419	0.687412
350.459714	0.687306
348.561716	0.687306
348.420080	0.687412
348.601460	0.687412
348.510773	0.687412
348.405711	0.687306
348.471772	0.687412
348.525142	0.687199
348.640461	0.687306
348.420080	0.687412
348.537458	0.687306
348.459081	0.687306
348.510773	0.687306
348.640461	0.687306
348.640461	0.687091
348.667146	0.687306
348.772208	0.687306
348.667146	0.687306
348.564143	0.687199
348.498082	0.687199
350.296236	0.687199
349.959407	0.687091
351.014870	0.687091
350.823215	0.687091
350.793353	0.687091
350.874158	0.687091
350.730094	0.687091
350.769845	0.687091
351.410469	0.686985
351.853292	0.686770
352.205788	0.686877
352.596551	0.686985
352.987306	0.687091
353.132112	0.686985
353.417812	0.686985
353.432556	0.686877
353.812487	0.686877
354.426059	0.686662
354.438375	0.686662
354.932508	0.686556
355.062570	0.686556
355.350698	0.686662
355.509505	0.686770
356.070442	0.686556
356.253507	0.686770
356.395143	0.686662
356.344568	0.686662
356.865393	0.686662
357.089887	0.686556
357.560137	0.686341
358.014901	0.686341
358.355089	0.686448
358.733903	0.686235
358.890283	0.686448
358.981344	0.686341
359.633909	0.686341
359.594908	0.686341
359.738972	0.686127
359.829665	0.686341
360.181794	0.686235
360.088673	0.686127
360.338167	0.686127
360.314284	0.686127
360.483723	0.686235
361.096920	0.686235
361.578369	0.685912
361.813494	0.686019
362.033500	0.686127
362.309312	0.686019
362.531753	0.685912
362.454493	0.685912
362.611240	0.686019
363.043432	0.685806
363.302814	0.685806
363.471503	0.685912
363.063588	0.685590
362.555636	0.685698
362.245310	0.685806
362.323313	0.685806
362.323313	0.685698
362.480060	0.685806
362.063362	0.685698
362.585297	0.685698
362.929961	0.685590
362.912059	0.685590
363.368501	0.685590
365.259957	0.685377
365.078202	0.685485
364.727566	0.685485
366.333890	0.685271
366.319521	0.685377
366.580388	0.685485
367.574459	0.685377
367.885527	0.685163
368.018024	0.685377
368.643904	0.685377
369.344811	0.685271
370.569712	0.685163
369.594861	0.685163
369.375222	0.685056
371.057497	0.685056
370.355848	0.684948
369.823082	0.685056
373.209090	0.685056
371.060106	0.685056
372.652622	0.684948
373.422941	0.684948
373.905882	0.684948
374.100889	0.684840
375.211020	0.684840
374.640002	0.684840
375.549898	0.684840
376.123718	0.684627
376.881346	0.684627
376.634280	0.684734
376.227663	0.684521
375.631445	0.684627
377.991110	0.684627
378.317297	0.684521
379.374058	0.684413
378.738289	0.684521
379.180737	0.684413
379.532866	0.684413
380.080743	0.684413
380.223122	0.684200
380.366444	0.684305
380.460307	0.684305
380.760001	0.684090
381.137130	0.684090
381.137505	0.684090
381.227824	0.684090
381.293510	0.684090
381.450258	0.683984
381.591894	0.684090
381.633323	0.684090
381.529010	0.683984
381.489634	0.683876
381.777387	0.683984
383.420478	0.683984
381.933767	0.683984
382.534454	0.683984
382.521396	0.683876
382.690459	0.683771
382.925209	0.683876
383.134960	0.683771
383.289280	0.683663
385.042297	0.683876
378.901574	0.683663
380.379695	0.683771
380.651394	0.683876
380.482698	0.683771
381.645264	0.683771
382.834523	0.683555
383.124136	0.683663
383.942595	0.683450
384.077520	0.683555
384.804350	0.683663
385.106846	0.683450
385.550037	0.683555
386.070862	0.683450
386.191410	0.683450
387.259371	0.683450
387.169052	0.683234
387.561674	0.683126
388.226181	0.683126
388.396937	0.683126
388.527000	0.683342
388.893498	0.683126
389.243941	0.683126
389.571445	0.683234
389.871882	0.683126
390.513256	0.683126
391.127569	0.682913
391.346640	0.682913
392.261023	0.682913
393.292403	0.682913
393.370405	0.682913
393.477528	0.682913
393.738028	0.682699
394.298222	0.682699
394.963853	0.682699
395.812175	0.682699
395.810683	0.682592
396.751183	0.682699
397.093055	0.682592
397.535310	0.682484
398.854817	0.682484
399.259381	0.682270
399.925012	0.682270
400.852647	0.682376
399.166827	0.682376
398.723637	0.682270
398.604206	0.682055
398.748270	0.682270
398.618575	0.682270
398.735954	0.681949
398.682209	0.682055
398.682209	0.682055
398.696577	0.682055
398.929275	0.682055
398.890274	0.681841
398.826272	0.682055
398.865274	0.681949
398.852957	0.681841
398.968276	0.681949
398.813581	0.681949
398.786896	0.681841
398.813581	0.681841
398.943276	0.681736
398.825898	0.681841
398.852583	0.681736
398.957645	0.681841
398.982278	0.681841
398.852583	0.681628
399.008963	0.681628
398.969961	0.681736
398.877215	0.681736
399.008963	0.681736
398.903900	0.681736
399.008963	0.681736
399.138650	0.681736
399.021279	0.681736
399.230654	0.681736
398.605516	0.681628
400.641037	0.681628
400.473458	0.681628
401.240232	0.681628
401.034595	0.681520
401.438041	0.681412
401.358353	0.681520
401.711792	0.681520
402.180558	0.681520
401.739227	0.681520
402.104415	0.681520
402.456543	0.681304
403.200177	0.681304
404.023867	0.681412
404.674754	0.681412
404.844560	0.681412
403.947356	0.681199
404.913424	0.681304
405.981385	0.681199
406.491003	0.681304
407.625768	0.681304
407.614576	0.681199
408.984458	0.681199
409.637031	0.681199
410.277655	0.681091
410.682786	0.681091
410.735596	0.680983
411.728349	0.680770
412.339860	0.680878
412.836053	0.680878
413.358931	0.680664
413.594431	0.680770
413.841872	0.680770
413.333738	0.680770
414.858140	0.680556
415.132266	0.680664
415.526199	0.680556
415.382877	0.680556
416.658354	0.680341
414.206510	0.680449
414.128507	0.680341
414.258195	0.680556
413.945068	0.680341
413.828988	0.680449
415.800325	0.680341
416.602000	0.680449
415.119950	0.680341
415.772148	0.680341
416.644352	0.680233
417.066462	0.680233
416.320776	0.680233
416.450838	0.680233
416.911949	0.680127
417.938473	0.680127
418.344722	0.680020
418.895035	0.680020
419.297732	0.680127
418.986096	0.680020
420.173113	0.680020
418.883643	0.680020
421.073120	0.680020
420.589986	0.680020
421.073870	0.679914
421.815262	0.679914
421.360680	0.679914
421.504369	0.679806
422.389264	0.679806
422.142198	0.679806
422.220943	0.679698
422.770513	0.679591
422.680194	0.679591
422.731512	0.679698
422.446186	0.679698
422.641193	0.679485
423.214070	0.679485
423.265388	0.679485
423.019064	0.679485
423.828017	0.679485
424.533017	0.679485
424.922837	0.679591
425.875846	0.679485
426.426159	0.679485
426.742089	0.679269
427.942164	0.679485
427.707221	0.679269
428.881922	0.679164
428.634856	0.679269
429.040911	0.679164
431.191762	0.679164
430.302754	0.679056
430.747629	0.679056
430.796712	0.678948
430.187435	0.678842
429.650931	0.678842
430.188552	0.678842
431.673953	0.678948
432.169771	0.678948
431.982980	0.678842
430.771887	0.678735
431.609759	0.678735
433.516153	0.678735
433.281577	0.678735
434.107133	0.678627
435.608395	0.678627
436.952909	0.678519
441.189473	0.678413
441.810885	0.678413
435.704868	0.678413
439.889179	0.678198
441.429624	0.678092
442.878826	0.678092
444.786711	0.677877
445.102073	0.677984
445.256212	0.677984
446.965171	0.677877
448.860173	0.677663
449.604181	0.677663
450.688370	0.677663
451.456455	0.677448
452.020943	0.677555
452.762336	0.677448
