24.680000	0.754364
24.680000	0.754364
24.679949	0.754364
24.592989	0.754471
25.518005	0.754471
25.490805	0.754471
25.687120	0.754256
25.856184	0.754471
26.000527	0.754471
26.523963	0.754256
26.601731	0.754256
27.122975	0.754364
27.318400	0.754364
27.227523	0.754256
27.280560	0.754364
27.774325	0.754364
27.957016	0.754364
27.576430	0.754256
28.437401	0.754256
28.323749	0.754150
28.191861	0.754256
28.570771	0.754150
28.467717	0.754256
28.467533	0.754150
28.115684	0.754256
28.741476	0.754256
28.794418	0.753935
29.120560	0.754042
28.965681	0.754256
29.736698	0.754150
30.634845	0.754150
29.535398	0.754150
30.806754	0.754042
31.314234	0.753935
31.248547	0.754042
31.889879	0.754042
32.096031	0.753935
31.940584	0.753935
32.357797	0.753721
32.319678	0.753935
32.307082	0.753935
32.984890	0.753721
33.050621	0.753721
32.955789	0.753827
33.285282	0.753827
33.948768	0.753827
32.188586	0.753827
33.404016	0.753827
34.520912	0.753827
33.011629	0.753827
34.787243	0.753827
33.562491	0.753827
33.990334	0.753613
34.240666	0.753613
34.451210	0.753721
35.179262	0.753613
35.426468	0.753721
35.609342	0.753613
35.936471	0.753613
36.144676	0.753613
36.237518	0.753506
36.394082	0.753400
36.653420	0.753613
36.770983	0.753613
37.110979	0.753506
37.281824	0.753292
37.357818	0.753400
37.516809	0.753506
37.749132	0.753400
37.920255	0.753292
38.062494	0.753292
38.167557	0.753506
38.169705	0.753506
38.625351	0.753400
38.820777	0.753292
38.833372	0.753292
39.200105	0.753187
39.266071	0.753400
39.762403	0.753400
39.919062	0.753292
39.946027	0.753292
40.283927	0.753292
40.609414	0.753292
40.834188	0.753292
41.043047	0.753292
41.434360	0.753292
42.019939	0.753292
42.394929	0.753292
42.440104	0.753292
44.306401	0.753187
42.502740	0.753187
42.333581	0.753187
42.567353	0.753187
42.083337	0.752971
41.524035	0.753187
41.888899	0.753077
42.474842	0.753077
42.909173	0.753077
42.974675	0.752971
42.960159	0.753077
43.287105	0.753077
43.547369	0.752971
43.637688	0.753077
43.899219	0.752971
44.095298	0.753077
44.265908	0.752971
44.239362	0.752971
44.814021	0.752971
44.723239	0.752971
44.553048	0.752755
44.943943	0.752755
45.219895	0.752863
45.702365	0.752650
45.467571	0.752755
45.675496	0.752971
46.002390	0.752863
46.119813	0.752863
46.210036	0.752755
45.831502	0.752755
46.539260	0.752863
46.877204	0.752755
46.904308	0.752755
47.334020	0.752650
47.698186	0.752863
47.751836	0.752863
48.260947	0.752863
48.288426	0.752542
48.483903	0.752755
48.574406	0.752755
48.835562	0.752755
49.097423	0.752650
49.266208	0.752650
49.308291	0.752542
49.814460	0.752436
49.763378	0.752436
50.141868	0.752650
50.416370	0.752542
50.637074	0.752329
50.795647	0.752329
50.780719	0.752436
51.132613	0.752436
51.119510	0.752436
52.511888	0.752436
50.803773	0.752329
50.334780	0.752329
50.178863	0.752436
50.047211	0.752436
50.034851	0.752329
50.035174	0.752329
50.035270	0.752221
49.983629	0.752329
50.047490	0.752329
50.020805	0.752329
49.996129	0.752436
49.930347	0.752436
50.022770	0.752436
49.996268	0.752329
50.074271	0.752436
49.930347	0.752436
49.932311	0.752436
49.983673	0.752329
50.061955	0.752221
50.049455	0.752436
50.008585	0.752329
50.022954	0.752329
49.981804	0.752221
50.074176	0.752436
50.035035	0.752436
50.035226	0.752221
49.981804	0.752329
50.020945	0.752329
49.996085	0.752221
49.957032	0.752221
50.035035	0.752329
50.074315	0.752329
50.113368	0.752436
50.047726	0.752221
50.101096	0.752329
49.956988	0.752436
49.942523	0.752329
49.983673	0.752436
50.047490	0.752329
49.995945	0.752221
50.088735	0.752221
49.995989	0.752221
50.062050	0.752329
50.164355	0.752436
50.008305	0.752329
50.204289	0.752329
50.231210	0.752329
50.245858	0.752436
49.687007	0.752436
51.003484	0.752221
51.105928	0.752436
51.090679	0.752221
50.086631	0.752329
50.752402	0.752329
50.987527	0.752329
51.117923	0.752221
50.778294	0.752329
49.564645	0.752436
50.663201	0.752221
51.500323	0.752329
51.878910	0.752329
52.103071	0.752221
52.569541	0.752005
52.830653	0.752005
53.077815	0.752113
53.170186	0.751900
53.210819	0.752221
53.628215	0.752113
53.772698	0.752005
54.151887	0.752113
54.413234	0.752113
54.751273	0.752005
54.919823	0.752005
55.208509	0.751900
55.482591	0.751792
55.703016	0.752005
55.952231	0.752005
56.174812	0.751900
56.318920	0.751900
56.708042	0.751792
56.906269	0.751684
57.099591	0.751578
57.297164	0.751684
57.375637	0.751792
57.610248	0.751684
57.675934	0.751684
57.742135	0.751578
57.935412	0.751684
57.794291	0.751578
58.185046	0.751471
58.327660	0.751578
58.589051	0.751471
58.811301	0.751578
59.070919	0.751578
59.190027	0.751471
59.149341	0.751471
59.346775	0.751257
59.449549	0.751471
59.699043	0.751257
59.738280	0.751257
59.867688	0.751471
60.024164	0.751365
60.051268	0.751365
60.207831	0.751365
60.337431	0.751365
60.388932	0.751365
60.339579	0.751365
60.572137	0.751365
60.611601	0.751257
60.767842	0.751257
61.005254	0.751365
61.095808	0.751257
61.213180	0.751149
61.344744	0.751042
61.447658	0.751257
61.565221	0.751257
61.682687	0.751257
61.668223	0.751042
61.734284	0.751257
61.892577	0.751042
61.917533	0.751042
62.152335	0.751149
62.125554	0.751149
62.323267	0.751042
62.296766	0.750936
62.492331	0.751149
62.609526	0.751149
62.661307	0.750936
62.753634	0.751042
62.714677	0.751042
62.726574	0.750936
62.700587	0.751149
62.974199	0.751042
62.986515	0.751149
63.118168	0.751149
63.091622	0.751042
63.196641	0.750936
63.328528	0.751149
63.484996	0.751042
63.458076	0.751149
63.575594	0.751042
63.548909	0.751042
63.600410	0.750936
63.692833	0.751042
63.692877	0.750828
63.759262	0.751042
63.901082	0.750936
63.993924	0.750936
64.096743	0.750936
64.057785	0.750936
64.072346	0.750720
64.397554	0.750828
64.449430	0.750828
64.712926	0.750828
64.750381	0.750720
65.104894	0.750828
65.273913	0.750828
65.273399	0.750720
65.403233	0.750720
65.442418	0.750720
65.574401	0.750720
65.679508	0.750828
65.704001	0.750720
65.835792	0.750615
65.899750	0.750615
66.200980	0.750828
66.264518	0.750720
66.423326	0.750720
66.540844	0.750720
66.736593	0.750615
66.956930	0.750507
67.101082	0.750615
66.659610	0.750507
67.572780	0.750615
67.897570	0.750507
68.382284	0.750507
68.707588	0.750399
69.140338	0.750507
69.399861	0.750399
69.519152	0.750399
69.832559	0.750186
70.224064	0.750186
70.576237	0.750399
70.914416	0.750078
71.671905	0.750186
71.582291	0.750186
71.840601	0.749970
71.736097	0.750078
72.259629	0.749864
72.599162	0.750078
72.625568	0.749864
72.794544	0.749970
73.277014	0.749970
73.669359	0.749970
73.486720	0.749864
73.735421	0.749970
73.669550	0.749970
73.747502	0.749864
73.879065	0.749864
73.994340	0.749864
73.798679	0.749864
74.282975	0.749757
74.687548	0.749757
74.321513	0.749757
74.229605	0.749543
71.546642	0.749757
75.066125	0.749649
75.208408	0.749649
74.164337	0.749757
75.612510	0.749757
76.615999	0.749757
76.870947	0.749649
76.763736	0.749543
76.946662	0.749543
77.261658	0.749435
77.562146	0.749435
77.704062	0.749543
78.535354	0.749435
79.060606	0.749435
78.017608	0.749435
78.606173	0.749328
78.682167	0.749328
78.892755	0.749220
79.242361	0.749328
79.257288	0.749328
79.374432	0.749114
79.636389	0.749220
79.847021	0.749220
80.250651	0.749220
80.563595	0.749220
80.680974	0.749220
81.110774	0.749114
81.072104	0.749220
81.162746	0.749114
81.059134	0.749220
81.566097	0.749006
81.282457	0.749006
81.502654	0.749006
81.646718	0.749006
82.116637	0.749006
82.287342	0.749006
82.285613	0.748899
82.181861	0.748685
82.598226	0.748899
82.913318	0.748577
82.978865	0.748899
82.989731	0.748685
83.278138	0.748793
83.332067	0.748685
83.461527	0.748685
83.813325	0.748685
83.942880	0.748685
83.943578	0.748685
84.245516	0.748793
84.063105	0.748793
84.412990	0.748577
84.715487	0.748685
84.690015	0.748685
85.274939	0.748470
84.936567	0.748577
85.327513	0.748685
85.093880	0.748577
85.511137	0.748577
85.706371	0.748577
85.757828	0.748577
85.733291	0.748470
85.797440	0.748577
86.085656	0.748577
86.215299	0.748577
86.215439	0.748577
86.425468	0.748470
86.582267	0.748470
86.685600	0.748256
86.763743	0.748256
86.893570	0.748148
88.156311	0.748364
87.416543	0.748256
87.233339	0.748256
87.470149	0.748364
87.507465	0.748364
88.041961	0.748148
87.300142	0.748256
87.468892	0.748256
88.108485	0.748256
87.886514	0.748256
89.474133	0.748148
88.422267	0.748256
88.302321	0.748256
88.317020	0.748043
89.512716	0.748256
88.312221	0.748043
86.838342	0.748256
86.865586	0.748256
87.205022	0.748043
87.742546	0.748256
87.128232	0.748256
88.306336	0.748256
88.775278	0.748256
88.634347	0.748148
89.662975	0.748148
89.650615	0.748148
89.897865	0.747935
90.105982	0.748043
90.445794	0.748043
90.722583	0.748043
91.294116	0.747829
91.282079	0.747829
91.661547	0.747829
91.935071	0.747935
92.104091	0.747719
92.366224	0.747829
92.691808	0.747719
92.899130	0.747719
92.861386	0.747614
93.554175	0.747614
93.710739	0.747719
93.723518	0.747719
93.931539	0.747719
94.142318	0.747506
94.624134	0.747719
94.821524	0.747614
94.912027	0.747614
94.976219	0.747614
95.276516	0.747614
95.188020	0.747292
96.035548	0.747398
96.361176	0.747292
96.857603	0.747506
97.248219	0.747398
97.132377	0.747292
97.706712	0.747292
97.823811	0.747292
98.161755	0.747185
98.347806	0.747292
99.351949	0.747185
98.985356	0.746971
99.039704	0.746971
99.560433	0.747185
99.978807	0.747185
100.042999	0.747185
100.604739	0.746971
100.761486	0.746971
100.969603	0.747079
101.348557	0.746971
101.101115	0.746971
101.558586	0.746758
102.041057	0.746863
102.222113	0.746648
102.257067	0.746863
101.304572	0.746863
100.547172	0.746648
100.288488	0.746758
100.234978	0.746758
100.132343	0.746758
100.144659	0.746971
100.066656	0.746758
100.078833	0.746863
100.080841	0.746971
100.093393	0.746758
100.093341	0.746971
100.105841	0.746971
100.066421	0.746758
100.210581	0.746863
100.041980	0.746648
100.080981	0.746758
100.144799	0.746971
100.066561	0.746971
100.169475	0.746971
100.132578	0.746758
100.027655	0.746648
100.119982	0.746758
100.118253	0.746648
100.157254	0.746648
100.171344	0.746758
100.105797	0.746863
100.157159	0.746863
100.183756	0.746758
100.196160	0.746863
100.171484	0.746863
100.183660	0.746648
100.183800	0.746863
100.208476	0.746758
100.120078	0.746648
100.523010	0.746758
99.948675	0.746863
100.235257	0.746863
100.524267	0.746863
100.472670	0.746758
100.472810	0.746648
100.798768	0.746758
100.994333	0.746758
101.060019	0.746648
101.084696	0.746758
101.162559	0.746758
101.150338	0.746648
101.345903	0.746542
101.280401	0.746758
101.451054	0.746758
101.463605	0.746648
101.607618	0.746648
101.634354	0.746648
101.489120	0.746648
101.828514	0.746758
101.907966	0.746542
103.133093	0.746648
101.217517	0.746648
102.090743	0.746542
102.730999	0.746434
101.504466	0.746648
103.147085	0.746542
102.925394	0.746648
103.344142	0.746434
103.710412	0.746542
103.984259	0.746542
104.192464	0.746434
104.285306	0.746542
104.649795	0.746329
104.923642	0.746542
105.329839	0.746542
104.296314	0.746329
105.318413	0.746434
105.812545	0.746434
106.179374	0.746434
106.793548	0.746434
107.314601	0.746329
107.654884	0.746329
108.099664	0.746329
108.295369	0.746329
108.647034	0.746221
108.752001	0.746113
109.024119	0.746113
109.403029	0.746113
109.522739	0.746113
109.704259	0.746113
110.056153	0.746113
110.212628	0.746008
110.657783	0.746008
110.814530	0.746113
110.971469	0.746008
111.726346	0.746008
111.452543	0.746008
111.897419	0.745900
111.936655	0.745900
112.406670	0.745900
112.379470	0.745792
112.485606	0.745792
112.824816	0.745792
112.871848	0.745792
111.048399	0.745792
111.883941	0.745684
112.209988	0.745792
112.169955	0.745579
112.563513	0.745684
112.485746	0.745792
113.189724	0.745792
113.764992	0.745684
114.313150	0.745792
114.495281	0.745684
114.665653	0.745684
115.252951	0.745684
115.919614	0.745579
116.821487	0.745579
116.767184	0.745471
116.923328	0.745257
117.004178	0.745471
117.865374	0.745363
118.139037	0.745257
119.587671	0.745363
119.183527	0.745363
118.831956	0.745150
119.601342	0.745257
120.396992	0.745257
120.619007	0.745150
120.739467	0.745257
121.467938	0.745044
121.429635	0.745044
121.925358	0.745044
122.096621	0.745044
122.473052	0.745044
123.231569	0.744828
123.219628	0.744828
123.753136	0.744721
124.209534	0.744721
124.365958	0.744721
124.522853	0.744721
124.771928	0.744721
124.926064	0.744828
124.965065	0.744721
125.319622	0.744721
126.919329	0.744721
125.827283	0.744721
126.023223	0.744613
126.142839	0.744613
126.717593	0.744613
127.028528	0.744507
127.590870	0.744507
128.660325	0.744507
127.852313	0.744399
128.791835	0.744399
128.935847	0.744186
129.314897	0.744292
129.642165	0.744292
129.837870	0.744292
130.136394	0.744186
130.490766	0.744186
130.503781	0.743970
130.672565	0.743970
131.219701	0.743970
131.324998	0.744078
131.494246	0.743970
131.924333	0.743863
132.695115	0.743863
132.225938	0.743863
133.257274	0.743970
133.215985	0.743757
132.827003	0.743970
133.347916	0.743970
133.648683	0.743863
133.922721	0.743970
134.379582	0.743863
134.157751	0.743863
134.352993	0.743863
134.458893	0.743863
134.808124	0.743863
134.967350	0.743863
135.307442	0.743863
135.764215	0.743757
135.842497	0.743757
135.998737	0.743541
136.153616	0.743649
136.480414	0.743649
136.023597	0.743541
135.561798	0.743649
136.356656	0.743649
135.448059	0.743436
134.965814	0.743649
135.041713	0.743649
135.068354	0.743541
135.095553	0.743541
136.409744	0.743541
135.215683	0.743436
135.787958	0.743541
135.841894	0.743541
136.284900	0.743649
136.835162	0.743541
137.043227	0.743541
137.459452	0.743541
137.394045	0.743541
137.775618	0.743328
138.217970	0.743541
138.399769	0.743541
138.817584	0.743436
139.093631	0.743436
139.458818	0.743436
139.942695	0.743328
140.058388	0.743328
140.647092	0.743328
140.999596	0.743112
141.285480	0.743112
141.861255	0.743112
142.253275	0.743112
142.893480	0.742899
142.984820	0.743112
143.532426	0.743007
144.173006	0.743112
144.628652	0.742791
144.970848	0.742899
145.465451	0.742899
146.207961	0.742791
146.417571	0.742899
146.926595	0.742899
146.756169	0.742791
147.162139	0.742791
147.670273	0.742578
147.985269	0.742578
148.453232	0.742472
148.766734	0.742472
149.091663	0.742578
149.262037	0.742578
149.406616	0.742578
149.536259	0.742472
150.164479	0.742578
149.968539	0.742578
150.084093	0.742472
150.528645	0.742472
150.528505	0.742364
150.648495	0.742472
150.907922	0.742472
151.010557	0.742364
151.193343	0.742472
149.625838	0.742364
149.679304	0.742256
149.587351	0.742256
149.575174	0.742364
149.534165	0.742256
149.482663	0.742472
149.548533	0.742472
149.494928	0.742472
149.497032	0.742256
149.534165	0.742472
149.534069	0.742364
149.548673	0.742364
149.599946	0.742364
149.534209	0.742364
149.560850	0.742256
149.560806	0.742256
149.600035	0.742149
149.600035	0.742256
149.600130	0.742149
149.573166	0.742364
149.653456	0.742364
149.587630	0.742256
149.639176	0.742364
149.663948	0.742256
149.665773	0.742472
149.729590	0.742364
149.639087	0.742364
149.651492	0.742364
149.678177	0.742472
149.692458	0.742472
149.651352	0.742364
149.678177	0.742364
149.744238	0.742149
150.463615	0.742256
150.111346	0.742256
150.319227	0.742256
150.162987	0.742149
150.581037	0.742256
150.683856	0.742043
150.307609	0.742256
151.102561	0.742149
151.389092	0.742256
151.638358	0.742256
151.599636	0.742149
151.964220	0.742149
152.198552	0.742149
152.354932	0.741935
152.328291	0.741935
152.552645	0.742149
152.641278	0.742043
152.709069	0.741935
152.746201	0.742149
152.851264	0.742149
152.877809	0.742043
153.009836	0.742043
152.956091	0.742149
153.007637	0.742043
153.164061	0.742149
153.163973	0.742043
151.572576	0.741935
153.228393	0.742043
152.433826	0.742043
152.589402	0.741935
153.113258	0.742043
153.516844	0.742149
153.609267	0.742043
153.700093	0.742149
153.792655	0.742043
153.948940	0.742043
153.961256	0.741935
153.946975	0.742043
154.142540	0.742043
154.523833	0.741827
154.521266	0.742043
154.313899	0.742043
154.431322	0.741827
154.653572	0.741935
155.160354	0.741827
154.470412	0.741827
155.215119	0.741935
155.581852	0.741935
155.855280	0.741722
156.219865	0.741722
156.298051	0.741827
156.183151	0.741722
156.820885	0.741827
155.932854	0.741722
157.288472	0.741614
155.959774	0.741506
157.423571	0.741827
158.156016	0.741722
158.860648	0.741722
159.707564	0.741506
160.215603	0.741614
160.347541	0.741614
160.515532	0.741614
160.774775	0.741401
161.023152	0.741506
160.608374	0.741401
161.102926	0.741614
161.247129	0.741614
161.181303	0.741614
161.611714	0.741401
161.545792	0.741614
162.095730	0.741506
162.134547	0.741401
162.380357	0.741401
162.278141	0.741506
162.212969	0.741291
162.421034	0.741291
162.785523	0.741291
162.682660	0.741185
162.878226	0.741401
163.034789	0.741185
163.140219	0.741401
163.491702	0.741291
163.399139	0.741401
163.702429	0.741291
163.792792	0.741401
163.741475	0.741185
164.275123	0.741291
163.467209	0.741185
164.249984	0.741077
164.472234	0.741185
164.352847	0.741185
164.469990	0.741077
164.509410	0.740972
164.379392	0.741185
164.443864	0.741185
164.705071	0.741077
164.105641	0.741185
165.109644	0.741077
164.626230	0.741185
164.770993	0.741185
164.745050	0.740972
165.189550	0.740972
165.410306	0.740972
165.634800	0.741077
165.959869	0.741077
165.920868	0.740972
166.378059	0.741077
166.013421	0.741077
166.833940	0.740972
166.848309	0.741077
167.200813	0.741077
167.591943	0.741077
167.604260	0.740972
167.773323	0.740972
168.127137	0.740756
167.875777	0.741077
168.738274	0.740972
168.440265	0.740972
168.516582	0.740864
168.543268	0.740864
168.672588	0.740756
168.660271	0.740972
169.105147	0.740756
168.715134	0.740972
168.961083	0.740864
168.882338	0.740864
168.671470	0.740864
168.439148	0.740756
168.647213	0.740864
168.437463	0.740756
166.941237	0.740864
166.715819	0.740756
168.883455	0.740756
169.042263	0.740650
169.602457	0.740864
169.837582	0.740756
170.189343	0.740756
172.095169	0.740756
171.035798	0.740650
168.542525	0.740543
169.750247	0.740756
171.197021	0.740650
171.367577	0.740650
172.371154	0.740650
172.894214	0.740435
174.189096	0.740435
174.785864	0.740543
175.441606	0.740543
175.832737	0.740543
176.744692	0.740327
177.268312	0.740435
177.398375	0.740435
178.442078	0.740327
178.454019	0.740327
178.518395	0.740327
178.953014	0.740114
179.263714	0.740221
179.760274	0.740114
180.700225	0.740221
179.573115	0.740221
178.727596	0.740006
178.884344	0.740114
178.725911	0.740114
178.845342	0.740221
178.583907	0.740006
178.647908	0.740221
178.791972	0.740114
178.791972	0.740114
178.583907	0.740006
178.779281	0.740114
178.779281	0.740114
178.923345	0.740006
178.752596	0.740114
178.818282	0.740006
178.950405	0.740114
178.832091	0.740006
179.981966	0.740006
180.189664	0.739900
180.270094	0.739792
180.608221	0.740006
181.194733	0.739792
181.130732	0.739792
181.285052	0.740006
181.196418	0.739900
181.182417	0.739900
181.546862	0.739900
181.717611	0.739900
181.926051	0.739900
181.925676	0.739900
181.964677	0.739792
182.265496	0.739792
182.407500	0.739687
182.318866	0.739792
182.578623	0.739900
182.695627	0.739792
182.604934	0.739900
182.565932	0.739792
182.527306	0.739792
183.530690	0.739687
183.743617	0.739792
183.871252	0.739792
184.132687	0.739792
184.393755	0.739792
184.327694	0.739792
184.746634	0.739792
185.047445	0.739687
185.177508	0.739471
185.948202	0.739471
186.354076	0.739471
186.705830	0.739471
186.899526	0.739577
187.292341	0.739471
187.397404	0.739363
187.213964	0.739471
187.448721	0.739471
187.096217	0.739577
186.717029	0.739363
188.580501	0.739471
187.499482	0.739471
187.706612	0.739471
187.355600	0.739471
186.548889	0.739577
187.277597	0.739363
188.034108	0.739471
187.945281	0.739471
188.180406	0.739577
188.128721	0.739471
188.414789	0.739256
188.310101	0.739256
188.504733	0.739256
188.857237	0.739471
189.081163	0.739363
188.978160	0.739471
189.068847	0.739363
189.496551	0.739363
189.628298	0.739256
189.640614	0.739150
189.941426	0.739363
190.149866	0.739256
190.347675	0.739150
190.621801	0.739256
190.765865	0.739256
191.052307	0.739256
192.081634	0.739256
190.634666	0.739256
191.861060	0.739150
191.914805	0.739150
192.030316	0.739150
193.284694	0.738936
194.004438	0.739042
194.473571	0.739042
195.321892	0.739042
195.283266	0.738721
196.237025	0.738936
196.757843	0.738936
196.745526	0.738829
197.148973	0.738829
197.437843	0.738613
197.736602	0.738829
198.169161	0.738721
198.599292	0.738721
198.978106	0.738613
199.264181	0.738721
199.367184	0.738721
199.432870	0.738721
199.642995	0.738721
199.851802	0.738721
200.294625	0.738721
201.375462	0.738505
199.209879	0.738721
199.027189	0.738721
199.144935	0.738613
198.976246	0.738613
198.963930	0.738613
198.949561	0.738613
198.844499	0.738613
198.871184	0.738613
198.963930	0.738613
198.988563	0.738505
199.184312	0.738613
198.883500	0.738505
198.976246	0.738721
199.079249	0.738613
199.027932	0.738613
198.937245	0.738505
198.963930	0.738613
199.184312	0.738613
199.157626	0.738505
199.002932	0.738613
199.144935	0.738400
199.118250	0.738505
199.041933	0.738400
199.157252	0.738505
199.041933	0.738505
199.002932	0.738505
199.054249	0.738505
199.118250	0.738505
199.015248	0.738400
199.235629	0.738505
198.936870	0.738505
199.367377	0.738400
199.080934	0.738505
199.406378	0.738400
198.961503	0.738505
199.027564	0.738292
199.262314	0.738400
199.183937	0.738400
199.144935	0.738505
199.313632	0.738505
199.014873	0.738613
199.000504	0.738292
199.157252	0.738505
199.027189	0.738505
199.183937	0.738292
199.093250	0.738400
199.169568	0.738400
199.208569	0.738400
199.196253	0.738505
199.132252	0.738400
199.196253	0.738400
199.288999	0.738400
199.262314	0.738186
199.157252	0.738292
199.222938	0.738400
199.144568	0.738400
199.132252	0.738400
199.080934	0.738400
199.144568	0.738400
199.274630	0.738400
199.222938	0.738292
199.288999	0.738505
199.261939	0.738505
199.119935	0.738292
199.247570	0.738400
199.274630	0.738505
199.196253	0.738505
199.208569	0.738400
199.080934	0.738400
199.379318	0.738400
199.235254	0.738400
199.235629	0.738400
199.681247	0.738400
199.966572	0.738400
199.993632	0.738400
200.020692	0.738292
200.267758	0.738400
200.346503	0.738186
200.646947	0.738400
200.764326	0.738400
201.232341	0.738186
200.514450	0.738400
200.748832	0.738186
200.228757	0.738292
200.985075	0.738292
201.586705	0.738400
201.262003	0.738400
202.098384	0.738292
202.644209	0.738186
202.826899	0.738292
203.336525	0.738292
203.571275	0.738292
203.754715	0.738186
204.251275	0.738186
204.539778	0.738186
204.904223	0.738078
205.295721	0.738186
205.596540	0.738078
205.765228	0.738186
206.081158	0.737971
206.797732	0.738078
206.978738	0.738078
207.150236	0.738078
207.698114	0.737971
207.972240	0.737971
208.610812	0.737865
208.847622	0.738078
209.109432	0.738186
209.539563	0.738078
209.721318	0.738078
209.996187	0.738078
210.545382	0.737865
210.908142	0.737865
211.210639	0.737865
211.614085	0.737757
212.044959	0.737865
212.541527	0.737757
212.568587	0.737649
212.724592	0.737757
213.024093	0.737649
213.520286	0.737757
213.899100	0.737649
214.029162	0.737649
214.459668	0.737757
214.721853	0.737757
215.283733	0.737542
215.620743	0.737649
215.556174	0.737649
216.173858	0.737649
216.641680	0.737542
217.201874	0.737649
217.622124	0.737328
217.700127	0.737328
217.713186	0.737436
218.209746	0.737436
218.822943	0.737542
219.121701	0.737542
219.317450	0.737436
219.473830	0.737436
220.048768	0.737328
220.204773	0.737436
220.102513	0.737436
220.689024	0.737220
221.066153	0.737328
221.264337	0.737328
221.577090	0.737220
221.447027	0.737220
222.203345	0.737115
222.308408	0.737220
222.724912	0.737220
223.130786	0.737007
223.091785	0.737007
223.576036	0.737115
223.886737	0.736899
224.072229	0.737115
224.671424	0.737007
224.698484	0.737115
225.479060	0.737115
225.689185	0.737115
225.845565	0.737007
226.277749	0.737115
226.249379	0.737007
226.523880	0.737115
226.954011	0.737115
227.166564	0.737007
227.477264	0.737007
227.763332	0.737007
227.712014	0.737007
228.090828	0.736899
228.431016	0.737007
228.404705	0.736899
228.454156	0.736686
229.409775	0.736899
229.042902	0.736899
229.252652	0.736686
229.836922	0.736791
229.252652	0.736791
229.421716	0.736686
229.722902	0.736686
229.800905	0.736686
230.297098	0.736686
230.805974	0.736578
231.055475	0.736686
231.055100	0.736791
231.263540	0.736470
231.759733	0.736686
231.838111	0.736578
232.204608	0.736686
232.334671	0.736578
232.579310	0.736578
232.596113	0.736578
233.026987	0.736470
233.340115	0.736578
233.352431	0.736578
233.900684	0.736578
234.044373	0.736365
234.303755	0.736257
234.474879	0.736470
234.880753	0.736365
235.101509	0.736470
235.259567	0.736257
235.323943	0.736365
235.754449	0.736365
235.859137	0.736149
235.977258	0.736365
236.446391	0.736365
236.837896	0.736365
237.087022	0.736365
236.798520	0.736043
237.439894	0.736257
237.634900	0.736257
237.987779	0.736257
238.416967	0.736257
238.861100	0.736257
239.085026	0.736043
240.153354	0.736257
240.441857	0.736257
240.742668	0.736149
241.212918	0.736149
241.943861	0.736149
242.387426	0.735936
242.883619	0.736043
243.391753	0.735828
243.834201	0.735936
243.875630	0.735936
243.954382	0.735936
244.659382	0.735936
245.207260	0.735936
246.212336	0.735720
246.005014	0.735720
246.525464	0.735828
246.971082	0.735828
247.413904	0.735828
248.106221	0.735828
248.563779	0.735828
249.372357	0.735614
250.179811	0.735720
249.709936	0.735720
248.154554	0.735399
248.142613	0.735614
247.895546	0.735399
247.909915	0.735506
247.998549	0.735614
248.103611	0.735614
247.895546	0.735614
248.037550	0.735399
247.934548	0.735506
248.037550	0.735506
248.169298	0.735506
247.948916	0.735614
248.090920	0.735399
247.961233	0.735614
248.103236	0.735399
248.103236	0.735506
248.076551	0.735506
248.115553	0.735614
248.103236	0.735614
248.208299	0.735506
248.115553	0.735506
248.129921	0.735506
248.195983	0.735506
248.220615	0.735293
248.340047	0.735506
248.115553	0.735506
248.234984	0.735399
248.129921	0.735293
248.286302	0.735399
248.259616	0.735506
248.247300	0.735399
248.168923	0.735399
248.469367	0.735506
247.906738	0.735506
248.497169	0.735506
248.627231	0.735293
249.188175	0.735399
250.141559	0.735293
251.042316	0.735399
250.925312	0.735185
251.041941	0.735293
251.655880	0.735399
252.059701	0.735185
252.489458	0.735077
252.557011	0.735399
253.040513	0.735185
253.507960	0.735293
253.287579	0.735293
254.056588	0.735293
254.359084	0.735293
255.195271	0.735185
256.554155	0.735185
256.774911	0.735185
257.232102	0.735077
258.014363	0.735077
258.486298	0.734970
258.941429	0.735077
259.530743	0.734864
260.051936	0.734864
260.301805	0.734970
261.018754	0.734864
261.644259	0.734864
261.761638	0.734864
263.106527	0.734970
262.321089	0.734970
262.113392	0.734864
262.374834	0.734864
262.648961	0.734756
263.067151	0.734864
263.353961	0.734756
263.640403	0.734648
264.292601	0.734756
264.359037	0.734543
264.647533	0.734756
265.181041	0.734756
265.533545	0.734648
265.875043	0.734648
266.291173	0.734648
266.354807	0.734648
266.315806	0.734543
266.788116	0.734543
267.320875	0.734435
267.675439	0.734329
267.936874	0.734543
267.714440	0.734329
268.211000	0.734435
268.551188	0.734435
268.874765	0.734435
269.122013	0.734435
269.777388	0.734435
270.039198	0.734435
270.716771	0.734435
270.965897	0.734435
271.423089	0.734329
271.528519	0.734329
272.271778	0.734219
272.623907	0.734219
272.480218	0.734219
273.093789	0.734219
273.237478	0.734114
273.264538	0.734219
273.421286	0.734006
273.969171	0.734114
274.150176	0.734114
274.216237	0.734006
274.348727	0.734006
275.066986	0.734114
275.116619	0.734006
275.377686	0.734219
275.573435	0.734114
275.759303	0.734114
276.070003	0.734114
276.502562	0.734114
276.644566	0.734114
277.037188	0.733900
277.792763	0.733793
278.473881	0.733793
278.970073	0.734114
279.676391	0.733900
279.845080	0.733900
280.209525	0.734006
280.732778	0.733900
281.137341	0.733900
281.764907	0.733900
281.985288	0.733900
281.997604	0.733900
282.638229	0.733900
283.029359	0.733579
283.158679	0.733685
282.924671	0.733685
283.472181	0.733471
283.785309	0.733579
284.020434	0.733471
284.401308	0.733579
284.466994	0.733579
284.726377	0.733579
284.792063	0.733471
284.777694	0.733579
284.763693	0.733579
285.000128	0.733471
285.129823	0.733471
285.105191	0.733364
285.115822	0.733364
285.376890	0.733471
285.508637	0.733256
285.313256	0.733471
285.716702	0.733364
285.782389	0.733471
285.755704	0.733471
286.370018	0.733256
286.082265	0.733364
286.580143	0.733471
286.840836	0.733150
286.371135	0.733256
286.541884	0.733150
287.743084	0.733256
288.237217	0.733256
288.748153	0.733256
288.747778	0.733256
289.425726	0.733256
289.753222	0.733256
289.946919	0.733150
290.497231	0.733150
291.238430	0.733042
291.304491	0.733150
291.568362	0.733150
291.996433	0.733150
292.023118	0.732935
292.703493	0.733042
292.793812	0.733150
292.950192	0.733042
293.343750	0.733042
293.564131	0.732829
293.784512	0.732829
293.591191	0.732829
293.799256	0.732935
294.205130	0.732935
294.452196	0.732829
294.804325	0.732935
294.948389	0.732935
295.222148	0.732829
295.352210	0.732829
295.379638	0.732829
295.782709	0.732829
296.411025	0.732721
296.421656	0.732935
296.802530	0.732829
296.631031	0.732935
297.166600	0.732829
297.257661	0.732829
297.299465	0.732721
297.663535	0.732829
298.068667	0.732829
298.184360	0.732829
298.106358	0.732721
298.643979	0.732829
298.642669	0.732613
299.387238	0.732613
299.268000	0.732721
297.634616	0.732613
297.637043	0.732613
297.427293	0.732721
297.584040	0.732721
297.361606	0.732829
297.322605	0.732721
297.439984	0.732721
297.322605	0.732721
297.375975	0.732613
297.427668	0.732613
297.584040	0.732721
297.584040	0.732721
297.388292	0.732613
297.481038	0.732721
297.481038	0.732613
297.569671	0.732508
297.466669	0.732400
297.505670	0.732508
297.414977	0.732613
297.439609	0.732508
297.532355	0.732613
297.427293	0.732613
297.493354	0.732721
297.596357	0.732613
297.689103	0.732613
297.635358	0.732613
297.375975	0.732613
297.466294	0.732613
297.414977	0.732613
297.674359	0.732508
297.505670	0.732613
297.532355	0.732400
297.532355	0.732613
297.492979	0.732613
297.934685	0.732508
297.740046	0.732508
297.219228	0.732508
297.126856	0.732613
297.195519	0.732508
298.825359	0.732508
299.177863	0.732508
299.830803	0.732400
300.380741	0.732400
300.718868	0.732400
301.318439	0.732400
302.626754	0.732292
302.456380	0.732400
304.657056	0.732400
302.452086	0.732292
303.004451	0.732400
303.301524	0.732292
303.394271	0.732292
304.020526	0.732292
304.373030	0.732400
305.079715	0.732292
305.091656	0.732292
305.052655	0.732292
305.653536	0.732079
305.822974	0.732184
305.327531	0.732079
306.574823	0.732079
306.695746	0.732079
305.170034	0.732184
305.496413	0.732079
305.364666	0.732184
304.700901	0.732292
305.548848	0.732079
305.626850	0.732079
305.534479	0.732079
306.018355	0.732184
306.148043	0.732079
305.966663	0.732184
306.487856	0.732079
305.848724	0.732079
306.434860	0.732184
306.632294	0.732079
306.749673	0.732079
306.788675	0.732079
306.839992	0.732079
307.166178	0.731971
307.858495	0.731971
307.988182	0.732079
308.550811	0.732079
308.797877	0.731971
309.020311	0.732079
309.698259	0.731863
309.646941	0.731971
310.169819	0.731863
310.456262	0.731971
310.537442	0.731971
311.268385	0.731971
311.879896	0.731971
312.219709	0.731971
312.495895	0.731863
312.559896	0.731757
312.873024	0.731650
313.396277	0.731863
313.459910	0.731863
313.682719	0.731863
314.451353	0.731757
315.027976	0.731757
314.922913	0.731863
315.928732	0.731863
316.097054	0.731757
316.228801	0.731757
316.711367	0.731544
317.038122	0.731757
316.019793	0.731757
317.794814	0.731757
318.264314	0.731650
318.447754	0.731757
318.694821	0.731757
319.020265	0.731434
319.348136	0.731650
319.832387	0.731650
320.040077	0.731434
320.145140	0.731544
320.770085	0.731544
321.163275	0.731434
321.607776	0.731544
321.893101	0.731434
321.136215	0.731328
321.474911	0.731434
321.736721	0.731434
321.580348	0.731434
323.010137	0.731434
322.729106	0.731434
321.475286	0.731434
322.035479	0.731328
322.194662	0.731434
322.455904	0.731328
323.411716	0.731221
324.717229	0.731328
325.343484	0.731328
325.591300	0.731328
326.491307	0.731113
326.752375	0.731328
327.143880	0.731328
327.363886	0.731328
327.639697	0.731113
327.808761	0.731221
328.068144	0.731221
328.422333	0.731007
328.566397	0.731221
328.708400	0.731221
328.669399	0.731221
329.087589	0.731113
328.944836	0.731221
328.825404	0.731221
329.061272	0.731221
329.245454	0.731221
330.431354	0.731221
330.577652	0.730899
330.784600	0.731007
330.200523	0.731007
331.034844	0.730899
331.438665	0.730794
331.933733	0.730899
332.022742	0.730899
331.871224	0.730899
332.585738	0.730899
331.975718	0.730899
332.091037	0.730794
333.238311	0.730794
331.959108	0.730686
333.122992	0.730794
333.226369	0.730794
333.696619	0.730794
333.789366	0.730794
334.454622	0.730794
334.833436	0.730578
334.846127	0.730794
335.446633	0.730686
335.237257	0.730578
335.826939	0.730578
336.164699	0.730578
336.752320	0.730686
337.458638	0.730578
337.729962	0.730686
338.317591	0.730686
338.957847	0.730470
338.908215	0.730578
338.841586	0.730578
339.532785	0.730578
339.691593	0.730578
340.119297	0.730470
340.366363	0.730470
340.238160	0.730470
340.971163	0.730363
341.531357	0.730470
341.596301	0.730363
342.052182	0.730470
342.391995	0.730470
341.882743	0.730257
343.229492	0.730470
343.540385	0.730470
343.487383	0.730257
343.307120	0.730470
344.050754	0.730257
344.546947	0.730363
345.004138	0.730257
345.369326	0.730149
345.655393	0.730149
345.916836	0.730257
346.293965	0.730257
346.647779	0.730257
346.831586	0.730257
347.090969	0.730149
347.651356	0.730044
346.466581	0.730044
347.509534	0.730149
347.770969	0.730149
348.292537	0.730044
348.591114	0.730149
348.176101	0.730149
348.474485	0.730149
347.927349	0.730149
348.659042	0.729934
349.049797	0.730044
349.245546	0.729934
350.850560	0.729934
350.370054	0.729934
351.072077	0.729828
350.001689	0.729934
349.256745	0.729828
349.141426	0.729934
349.191059	0.730044
349.217744	0.730044
349.230060	0.730044
349.322806	0.730044
349.322806	0.729934
349.217744	0.730044
349.230060	0.729828
349.230060	0.729828
349.217744	0.729934
349.322806	0.729720
349.153742	0.729934
349.168111	0.729828
349.153742	0.729934
348.525802	0.729934
347.954034	0.729934
349.962688	0.729934
349.336240	0.729828
350.732814	0.729828
351.009368	0.729828
351.544562	0.729720
351.884749	0.729720
352.574263	0.729720
352.640325	0.729612
352.860706	0.729612
353.254638	0.729612
353.489389	0.729828
354.076275	0.729828
354.337710	0.729720
354.426344	0.729720
354.938966	0.729612
355.093286	0.729720
355.250033	0.729828
355.575477	0.729720
355.942724	0.729720
356.033043	0.729612
356.387600	0.729720
356.725360	0.729612
356.400291	0.729505
356.074472	0.729612
355.772169	0.729505
356.177475	0.729612
356.345796	0.729612
356.399541	0.729612
356.465602	0.729399
356.737301	0.729505
356.908050	0.729505
356.841989	0.729505
356.880990	0.729612
357.089430	0.729505
357.441559	0.729612
357.235921	0.729505
357.416926	0.729505
357.693113	0.729505
357.901178	0.729505
357.901178	0.729505
358.475748	0.729505
357.494561	0.729505
357.889236	0.729505
358.307427	0.729505
358.620554	0.729505
358.995255	0.729399
359.010374	0.729291
359.675631	0.729399
359.807378	0.729399
360.237885	0.729399
360.930201	0.729505
361.178010	0.729505
361.739889	0.729291
362.028017	0.729183
362.600527	0.729399
362.471207	0.729399
362.417462	0.729399
362.312774	0.729291
363.109403	0.729291
363.148037	0.729399
363.226407	0.729291
363.395103	0.729291
363.395103	0.729291
362.901713	0.729291
363.749660	0.729183
363.958100	0.729291
364.244542	0.729183
364.376290	0.729291
364.520354	0.729399
364.740735	0.729399
364.845797	0.729399
364.938169	0.729399
364.923050	0.729183
365.447420	0.729078
364.716102	0.729291
365.318475	0.729183
365.914868	0.729183
365.694861	0.729078
365.343107	0.729078
366.491866	0.729291
366.112677	0.729183
366.477497	0.729183
366.893627	0.729078
367.272816	0.728970
367.208814	0.729183
367.443939	0.729183
368.109196	0.729078
368.515070	0.728970
368.932885	0.728970
368.866824	0.729078
368.932885	0.729078
369.179952	0.729078
369.231644	0.729078
369.586575	0.728970
370.016707	0.729078
370.120452	0.728970
370.315833	0.729078
371.138780	0.728970
370.890028	0.728970
371.151838	0.728970
371.387338	0.728970
371.910216	0.728862
372.454549	0.728970
372.274286	0.728970
372.550473	0.728970
371.399654	0.728862
372.484786	0.728862
372.717851	0.728970
373.383483	0.728970
373.999107	0.728970
374.192803	0.728862
374.128802	0.728757
374.650930	0.728862
374.938490	0.728862
375.185931	0.728862
375.486375	0.728862
375.486742	0.728757
375.173247	0.728862
376.440876	0.728862
376.726569	0.728862
376.975695	0.728757
376.323122	0.728757
377.721757	0.728757
378.331776	0.728757
378.320210	0.728757
377.746014	0.728543
377.836333	0.728757
377.888393	0.728757
377.809273	0.728757
379.203238	0.728649
378.386445	0.728543
379.612839	0.728649
379.834337	0.728543
380.814781	0.728328
381.051216	0.728543
381.661043	0.728543
381.792416	0.728543
382.027173	0.728433
382.080918	0.728543
382.589427	0.728543
382.460107	0.728543
382.865981	0.728433
383.113047	0.728433
383.399490	0.728328
383.595239	0.728433
384.025745	0.728433
384.377874	0.728220
384.456251	0.728433
384.730003	0.728220
385.133449	0.728328
385.398062	0.728328
385.632069	0.728328
385.957513	0.728220
386.165953	0.728433
386.506141	0.728328
386.872638	0.728220
387.080704	0.728433
387.745593	0.728220
388.098464	0.728433
388.320905	0.728328
388.871585	0.728328
389.013589	0.728112
389.742479	0.728112
389.940288	0.728112
390.331793	0.728220
390.659290	0.728220
391.257368	0.728220
391.401806	0.728006
391.924491	0.728112
392.002861	0.728006
392.276620	0.728220
392.719810	0.728220
392.513430	0.728112
393.438812	0.728112
394.588694	0.728006
395.725511	0.727899
395.319262	0.728006
395.947578	0.728006
396.167584	0.728006
396.259020	0.727791
397.381843	0.728006
398.241731	0.728006
398.035158	0.727899
398.609721	0.727685
398.974541	0.727899
399.419791	0.727791
400.150734	0.727791
400.410116	0.727685
401.285498	0.727791
400.430273	0.727685
398.829553	0.727685
398.788866	0.727685
398.842612	0.727685
398.568860	0.727685
398.671863	0.727685
398.789241	0.727685
398.803610	0.727791
398.595545	0.727685
398.620178	0.727577
398.502799	0.727685
398.723180	0.727470
398.515115	0.727791
398.529484	0.727685
398.634546	0.727791
398.659179	0.727470
398.659179	0.727577
398.749865	0.727685
398.646863	0.727470
398.974734	0.727577
399.376495	0.727685
399.298493	0.727685
399.598929	0.727470
399.509360	0.727685
399.939492	0.727577
400.619124	0.727470
401.677371	0.727470
401.859318	0.727685
402.329194	0.727577
402.524950	0.727470
403.749283	0.727577
401.350616	0.727577
404.473321	0.727577
405.044714	0.727470
406.625471	0.727362
405.517767	0.727470
406.364403	0.727362
407.500853	0.727362
408.048730	0.727470
408.085304	0.727470
408.243737	0.727256
408.776503	0.727362
409.170436	0.727362
409.417877	0.727362
409.625942	0.727362
410.161136	0.727256
409.653370	0.727256
409.456878	0.727041
410.227940	0.727256
410.423321	0.727148
410.853453	0.727256
411.130007	0.727041
411.402073	0.727041
411.807579	0.727041
412.174452	0.727148
412.799965	0.727148
412.656643	0.727256
413.009147	0.727148
413.530340	0.727041
414.131595	0.727148
414.654473	0.727256
415.031602	0.726935
415.083294	0.727041
415.555229	0.726935
415.853980	0.727041
416.298488	0.727041
416.442552	0.727041
416.741303	0.726827
417.186554	0.726935
417.538315	0.726827
417.318676	0.726719
417.720437	0.726935
418.126686	0.726935
418.583503	0.726827
419.220957	0.726719
420.136082	0.726827
420.347324	0.726827
420.775771	0.726719
421.324023	0.726827
421.548517	0.726827
422.343469	0.726935
422.812969	0.726827
423.101472	0.726719
423.907615	0.726719
423.099786	0.726719
423.893988	0.726719
424.562047	0.726719
424.209918	0.726719
425.281423	0.726612
425.687297	0.726506
426.168372	0.726612
426.574620	0.726612
426.861063	0.726398
426.601680	0.726398
427.330938	0.726506
428.137831	0.726506
428.333580	0.726292
428.480821	0.726506
429.263456	0.726506
429.224080	0.726398
430.241840	0.726398
430.517277	0.726398
430.740460	0.726185
431.495293	0.726398
431.275654	0.726292
431.976735	0.726398
432.278296	0.726185
432.306098	0.726185
432.802291	0.726292
433.101050	0.726292
433.336175	0.726292
434.301500	0.726292
434.223498	0.726292
434.419621	0.726292
434.888754	0.726185
435.087306	0.726077
434.966757	0.726077
436.363331	0.726185
436.131751	0.725971
437.317458	0.726077
437.189262	0.726185
438.088894	0.726077
438.584712	0.726077
438.990961	0.726077
439.211342	0.725971
439.827341	0.726077
440.476737	0.726077
440.255787	0.725756
441.091425	0.725756
440.947361	0.725971
441.522299	0.725971
442.136613	0.725971
442.762126	0.725861
442.801495	0.725861
442.500683	0.725756
443.036620	0.725756
443.361688	0.725648
443.990379	0.725861
444.408569	0.725648
444.068006	0.725861
444.746696	0.725756
445.621703	0.725756
446.049407	0.725756
446.848278	0.725756
447.384214	0.725648
447.958410	0.725648
448.323222	0.725542
448.743473	0.725648
449.721857	0.725648
449.786233	0.725648
450.426114	0.725542
451.223493	0.725542
451.444250	0.725542
451.521877	0.725434
452.279880	0.725434
