25.317000	0.735862
25.317000	0.735862
25.316904	0.735862
27.086224	0.735646
28.243616	0.735539
26.651337	0.735539
28.829988	0.735433
29.365741	0.735217
29.263620	0.735217
29.339335	0.735217
29.405396	0.735217
30.513521	0.735112
29.730605	0.735004
29.810423	0.735112
32.888810	0.734896
31.491249	0.735004
31.769670	0.734683
31.991685	0.734683
32.527812	0.734683
32.565129	0.734683
33.479555	0.734575
34.131011	0.734575
34.237610	0.734362
34.798276	0.734362
34.316355	0.734254
34.758707	0.734038
34.849724	0.734146
35.426023	0.733825
36.830813	0.734038
35.281724	0.734038
35.268473	0.734038
36.106163	0.733933
36.495094	0.733825
36.508483	0.733611
37.096768	0.733717
37.422866	0.733611
37.880476	0.733504
37.618894	0.733290
37.930721	0.733396
38.024768	0.733396
38.091623	0.733396
37.989868	0.733182
40.284643	0.733182
41.294941	0.733075
39.591759	0.732967
40.220213	0.732861
37.472951	0.732861
42.357856	0.732646
40.962162	0.732753
41.575543	0.732540
42.215520	0.732324
42.490021	0.732540
43.063562	0.732432
44.356803	0.732217
43.205706	0.732324
43.572997	0.732217
43.261974	0.732111
43.835278	0.732111
45.088722	0.731682
45.505559	0.731790
45.662079	0.731576
45.545259	0.731790
46.117071	0.731682
46.521872	0.731468
46.350713	0.731790
47.214616	0.731468
44.181051	0.731790
45.871305	0.731576
46.146977	0.731468
47.854864	0.731468
47.569355	0.731253
48.131460	0.731145
48.664410	0.731039
48.889462	0.730932
49.473311	0.730932
49.409398	0.730932
49.485811	0.730826
49.879001	0.730610
49.930503	0.730718
49.004178	0.730610
49.332748	0.730610
49.933156	0.730610
50.898579	0.730610
50.813445	0.730395
48.467406	0.730505
47.749661	0.730505
47.749801	0.730718
47.010173	0.730610
49.826976	0.730505
51.288871	0.730289
52.854370	0.730076
52.622089	0.730181
53.937074	0.729968
51.415068	0.730076
50.295185	0.729968
49.356684	0.730181
49.227041	0.730076
49.264033	0.730076
49.225032	0.730076
49.161215	0.730181
49.197972	0.730181
49.173479	0.730289
49.148759	0.730181
49.134250	0.730289
49.173252	0.730289
49.160979	0.730289
49.148619	0.730181
49.173252	0.730181
49.107470	0.730181
49.029467	0.730181
48.406659	0.729968
51.498149	0.729860
52.293564	0.729968
51.981928	0.729968
53.269574	0.729755
53.577579	0.729860
52.021113	0.729860
53.402439	0.729755
53.429445	0.729755
53.980125	0.729755
54.489009	0.729539
54.946245	0.729218
55.193730	0.729218
55.716983	0.729110
56.225256	0.728896
55.770448	0.729004
56.252919	0.728896
57.033878	0.728789
56.851886	0.728575
57.230796	0.728467
57.467930	0.728360
57.751849	0.728254
58.001159	0.728360
58.170642	0.728254
58.444305	0.728146
58.876585	0.727933
59.033524	0.727825
59.424558	0.727825
59.164240	0.727717
59.750656	0.727609
59.933111	0.727288
59.634071	0.727396
60.417782	0.727288
59.903258	0.727288
59.658801	0.727183
59.855065	0.727183
58.684649	0.727075
60.575086	0.727075
60.626266	0.726969
61.565604	0.726969
61.710550	0.726861
62.464729	0.726861
62.935538	0.726754
62.665147	0.726646
63.276379	0.726325
62.378695	0.726219
62.871676	0.726219
63.930157	0.725896
64.164959	0.725896
64.753384	0.725788
64.686387	0.725469
65.001009	0.725469
65.965592	0.725361
65.287966	0.725253
65.967172	0.725147
66.109367	0.724932
66.031739	0.724932
66.280719	0.724824
66.698585	0.724718
67.257897	0.724611
67.231675	0.724503
67.833349	0.724182
67.860689	0.724289
68.122219	0.723858
69.552802	0.723966
68.290392	0.723753
68.931584	0.723539
67.424202	0.723539
69.518321	0.723324
70.080340	0.723002
70.198086	0.722787
70.627711	0.722895
70.772282	0.722787
71.019818	0.722681
71.373258	0.722360
71.269408	0.722360
71.606095	0.722147
71.828249	0.722147
72.077141	0.722147
72.088565	0.721931
72.298176	0.721718
72.559663	0.721610
72.704190	0.721610
72.585370	0.721610
72.965581	0.721502
72.560684	0.721289
73.357365	0.721181
73.514304	0.721073
73.773730	0.720967
74.152736	0.721073
74.218841	0.720752
74.401906	0.720646
74.597236	0.720646
74.766211	0.720646
74.597515	0.720433
74.728232	0.720323
75.235807	0.720217
75.249660	0.720002
75.732603	0.720002
75.576877	0.720002
76.046105	0.719682
76.229494	0.719575
76.489530	0.719682
76.906927	0.719467
75.079942	0.719575
75.523507	0.719467
76.517342	0.719359
77.049594	0.719251
76.489530	0.719038
77.741911	0.719038
76.230523	0.718932
77.848833	0.718824
78.447898	0.718824
77.676783	0.718717
77.119470	0.718717
78.656338	0.718611
78.370121	0.718611
77.005450	0.718395
79.246664	0.718074
79.625669	0.718074
79.899516	0.717861
80.070544	0.717645
80.266668	0.717645
80.696241	0.717432
80.578206	0.717216
81.205073	0.717216
81.281905	0.717003
81.230588	0.717003
81.516751	0.717003
81.858668	0.716895
82.482076	0.716682
82.497099	0.716682
82.054135	0.716360
83.372621	0.716253
83.490183	0.716253
83.658593	0.716039
83.322700	0.715931
83.620900	0.715824
83.722925	0.715716
84.194581	0.715502
84.612256	0.715395
84.129034	0.715289
84.521614	0.715289
84.507943	0.715289
84.470383	0.715075
85.237341	0.714966
85.552249	0.714860
85.553366	0.714539
85.968379	0.714431
85.997727	0.714431
86.503897	0.714431
86.348266	0.714325
86.714345	0.714217
86.937205	0.714110
86.662327	0.713896
87.274730	0.713788
87.471133	0.713575
87.942230	0.713681
88.137377	0.713467
87.955568	0.713359
88.463467	0.713146
88.490204	0.713146
88.634731	0.713038
89.767444	0.713038
88.605243	0.712930
89.049935	0.712717
89.338290	0.712825
89.755449	0.712717
89.911594	0.712503
90.018237	0.712396
90.487465	0.712396
90.724555	0.712074
91.245468	0.712180
91.521419	0.712074
91.729345	0.711859
92.069113	0.711859
92.028706	0.711540
92.629726	0.711432
92.681698	0.711109
93.360765	0.711003
93.529828	0.710895
93.516297	0.710895
94.026300	0.710682
93.817160	0.710682
94.183239	0.710574
94.432270	0.710358
94.521278	0.710253
95.018826	0.710039
95.227030	0.709932
95.359153	0.709932
95.970899	0.709608
95.904882	0.709718
95.917059	0.709608
95.788533	0.709503
96.114912	0.709289
96.337397	0.709289
96.207377	0.709181
96.925305	0.708968
97.551046	0.708860
97.485220	0.708752
97.629423	0.708860
96.309874	0.708752
98.083812	0.708539
97.736581	0.708431
99.027071	0.708218
99.367119	0.708218
100.163844	0.708002
100.305847	0.707896
100.073332	0.707573
100.802738	0.707681
101.377213	0.707467
101.104998	0.707252
101.677841	0.707038
101.689319	0.706823
102.039537	0.706933
100.382593	0.706933
99.638636	0.707038
99.651136	0.707038
99.613959	0.706933
99.650996	0.706933
99.614239	0.706933
99.611855	0.706823
99.611855	0.706609
99.638871	0.706609
99.663312	0.706717
99.611951	0.706609
99.560538	0.706717
99.677637	0.706609
99.716874	0.706717
99.716822	0.706609
99.665600	0.706609
99.587318	0.706502
99.691962	0.706717
99.716874	0.706396
99.677637	0.706609
99.743559	0.706609
99.663173	0.706609
99.677681	0.706396
99.755640	0.706396
99.743419	0.706396
99.743559	0.706183
99.819597	0.706396
99.702593	0.706396
99.780456	0.706396
99.665416	0.706396
99.755735	0.706183
99.731103	0.706183
99.833826	0.706183
99.756014	0.706288
99.846377	0.706288
99.729138	0.706183
99.809385	0.706075
99.716778	0.706183
99.872827	0.706183
99.794641	0.706183
99.821561	0.706075
99.821466	0.706183
99.821745	0.705967
99.743559	0.706075
99.755875	0.706183
99.833877	0.706075
99.729094	0.706075
99.833686	0.706075
99.833966	0.705967
99.885283	0.706075
99.899843	0.705859
99.965530	0.705967
99.860886	0.705859
99.729094	0.705751
99.834061	0.705967
100.483929	0.705967
100.146351	0.705967
97.959057	0.705967
101.009407	0.705859
101.818404	0.705751
101.364478	0.705538
101.686700	0.705646
102.261873	0.705538
102.316272	0.705325
102.472785	0.705325
103.124755	0.705325
102.980691	0.705432
103.228316	0.705325
103.660596	0.705217
103.765614	0.705001
103.856675	0.705109
103.907853	0.704896
103.858028	0.704788
103.427521	0.704896
104.771801	0.704574
105.045883	0.704467
104.966430	0.704467
105.685196	0.704467
106.245626	0.704467
106.429529	0.704253
107.003165	0.704038
107.186973	0.704145
107.553243	0.703824
107.944652	0.703824
108.008470	0.703716
108.360738	0.703503
108.597313	0.703503
108.608084	0.703182
108.818114	0.703289
108.884594	0.703182
109.236399	0.702860
109.705576	0.702860
110.070440	0.702860
110.057940	0.702753
110.123950	0.702539
110.307295	0.702539
110.317881	0.702431
110.163885	0.702324
110.620282	0.702324
110.816362	0.702110
110.973021	0.701895
111.219948	0.702002
111.337930	0.702002
111.780282	0.702002
111.966429	0.701895
112.159331	0.701789
111.862483	0.701576
112.368469	0.701576
112.996035	0.701466
112.840867	0.701252
113.348303	0.701039
113.583759	0.701144
113.728749	0.700825
114.549268	0.700718
114.498789	0.700718
114.904479	0.700502
115.464349	0.700289
115.711739	0.700289
116.090560	0.700181
115.805794	0.700075
116.506970	0.699967
116.795281	0.699754
116.808994	0.699646
118.632725	0.699646
118.152060	0.699646
117.369852	0.699325
117.305101	0.699538
118.245880	0.699109
118.386487	0.699217
117.122969	0.699217
118.021954	0.699109
117.800262	0.699004
117.825402	0.698790
117.878449	0.698896
117.205161	0.698790
119.027957	0.698790
118.701063	0.698467
119.039942	0.698575
118.910857	0.698575
119.275582	0.698467
119.431168	0.698467
119.566546	0.698146
121.078779	0.697932
121.090949	0.697824
121.012387	0.697824
121.205115	0.697717
121.560221	0.697717
121.391437	0.697609
121.391767	0.697609
121.650496	0.697290
121.796708	0.697290
121.599597	0.697395
122.239619	0.697395
122.264574	0.697182
121.748279	0.696966
120.779453	0.697074
122.382146	0.696859
123.111919	0.696966
124.117363	0.696859
122.162454	0.696859
122.162968	0.696645
123.179001	0.696645
123.074174	0.696645
123.244739	0.696539
122.894191	0.696432
123.870061	0.696432
123.323440	0.696324
124.250882	0.696218
123.350779	0.696324
123.898238	0.696108
125.695929	0.696108
124.697572	0.695789
125.725642	0.695895
125.479649	0.695681
125.726201	0.695574
126.039843	0.695468
127.318950	0.695468
125.753303	0.695252
127.447241	0.695252
125.297466	0.695147
126.003076	0.695147
128.923268	0.695039
128.468318	0.695039
128.597962	0.694823
128.937635	0.694610
128.742533	0.694610
129.147525	0.694289
129.058226	0.694397
129.838391	0.694181
130.281023	0.694073
130.466236	0.693968
130.359165	0.693968
130.608431	0.693860
130.648079	0.693752
130.728700	0.693646
130.961163	0.693539
131.366155	0.693539
131.574543	0.693433
130.988921	0.693323
130.424014	0.693433
130.216044	0.693217
130.189124	0.693323
130.164447	0.693323
130.162483	0.693433
130.230134	0.693323
130.215713	0.693323
130.176852	0.693110
130.176808	0.693002
130.215809	0.693110
130.215809	0.693110
130.203493	0.693002
130.269275	0.693110
130.293951	0.693002
130.267310	0.692896
130.281539	0.693002
130.240485	0.693002
130.254906	0.692896
130.254906	0.692788
130.255045	0.692683
130.308276	0.692788
130.295960	0.692896
130.308555	0.692788
130.269179	0.692896
130.345313	0.692788
130.279626	0.692788
130.281775	0.692683
131.088486	0.692683
129.458409	0.692683
130.542982	0.692467
130.489281	0.692575
130.619439	0.692467
129.657011	0.692575
130.751561	0.692575
131.130890	0.692467
131.691547	0.692252
132.645350	0.692359
133.088356	0.692252
133.220060	0.692038
133.257655	0.692146
133.780908	0.692038
134.369333	0.691825
133.820137	0.691717
134.459931	0.691717
134.707137	0.691825
134.760882	0.691717
134.643459	0.691717
134.694960	0.691501
134.760742	0.691609
134.876017	0.691609
134.851524	0.691396
135.538664	0.691288
133.741627	0.691396
135.216721	0.691396
135.372349	0.691182
134.864215	0.691182
135.152806	0.691074
135.661080	0.691074
135.478110	0.690967
134.774220	0.691074
134.786073	0.690861
135.372628	0.690967
133.680594	0.690753
135.999582	0.690861
136.445670	0.690753
137.527948	0.690648
137.450276	0.690538
137.606465	0.690324
137.594105	0.690538
138.167506	0.690216
138.050782	0.690216
138.142453	0.690216
138.493553	0.690003
138.597445	0.690216
139.096859	0.690111
139.917422	0.690111
139.707253	0.689790
138.559002	0.689897
140.818276	0.689790
138.003791	0.689790
141.198205	0.689682
141.643963	0.689466
142.034953	0.689361
142.580499	0.689253
143.247720	0.689147
143.495205	0.689039
143.783098	0.688932
144.253164	0.688824
143.941153	0.688610
144.630249	0.688503
144.018039	0.688503
144.839764	0.688397
144.970157	0.688181
145.689063	0.687966
146.186748	0.687860
146.826629	0.687966
146.707940	0.687647
147.647793	0.687431
147.207066	0.687431
148.014152	0.687218
148.823376	0.687110
149.398366	0.686896
149.019177	0.686789
149.775825	0.686681
150.662773	0.686575
150.899164	0.686360
151.406451	0.686254
151.474242	0.685931
151.904653	0.686038
152.046987	0.685825
153.061912	0.685931
149.238774	0.685825
148.913844	0.685931
148.845914	0.685931
148.899240	0.685825
148.938286	0.685717
148.899240	0.685717
148.833458	0.685825
148.950558	0.685825
148.911556	0.685717
148.963058	0.685717
148.925925	0.685609
148.975278	0.685504
148.991847	0.685504
148.911417	0.685609
148.938102	0.685609
148.965066	0.685504
148.911321	0.685396
148.977103	0.685609
149.016384	0.685504
148.965066	0.685396
148.989463	0.685504
148.950558	0.685504
149.004068	0.685290
149.028648	0.685396
148.977382	0.685396
149.001824	0.685290
149.067745	0.685290
149.041060	0.685396
148.742537	0.685290
147.675361	0.685180
150.334816	0.685290
150.073094	0.685075
150.426391	0.685180
150.556873	0.685075
151.002167	0.684967
151.064686	0.684967
151.965398	0.684967
151.563024	0.684859
152.203272	0.684646
152.620764	0.684646
153.260506	0.684540
153.312566	0.684540
153.247438	0.684540
154.134944	0.684540
154.240286	0.684324
154.695793	0.684217
155.088887	0.684003
155.804249	0.683895
156.001499	0.684003
154.595906	0.683790
156.004108	0.683682
156.420378	0.683682
157.241456	0.683359
157.322540	0.683466
157.008286	0.683359
158.549955	0.683253
158.576028	0.683145
159.057896	0.683040
159.659379	0.682932
160.495017	0.682718
160.794143	0.682608
161.509041	0.682608
160.873822	0.682395
161.983351	0.682289
162.204011	0.682182
162.896284	0.682074
163.170270	0.681860
163.771430	0.681753
164.188870	0.681753
164.868128	0.681539
164.737498	0.681539
164.097616	0.681351
165.441381	0.681245
163.045149	0.681085
165.966126	0.680977
166.878081	0.680816
167.335640	0.680683
167.545765	0.680508
167.819891	0.680360
168.248712	0.680239
168.407145	0.680106
169.057283	0.680026
169.059718	0.679865
169.294468	0.679798
169.528851	0.679692
169.489475	0.679570
169.711541	0.679517
170.104163	0.679409
170.507977	0.679276
170.872047	0.679195
170.469351	0.679075
171.682118	0.678995
172.635494	0.678834
172.871369	0.678686
173.079434	0.678593
173.511626	0.678473
173.929441	0.678378
174.122762	0.678244
174.306195	0.678177
174.556813	0.678056
175.077264	0.677911
175.535765	0.677830
175.625141	0.677722
175.925585	0.677630
176.343401	0.677522
176.747589	0.677374
176.839219	0.677348
175.437039	0.677213
177.440474	0.677133
178.054220	0.676960
178.614789	0.676784
179.189359	0.676704
179.372791	0.676571
179.932243	0.676478
179.569290	0.676342
180.050364	0.676182
180.339234	0.676089
180.781682	0.675981
181.408505	0.675913
181.133811	0.675780
181.461682	0.675687
182.361321	0.675539
183.092639	0.675432
182.845198	0.675339
182.662507	0.675231
183.628575	0.675165
184.085392	0.675058
184.098825	0.674937
184.607334	0.674817
185.142528	0.674709
185.546717	0.674616
185.546717	0.674508
185.769158	0.674400
186.263291	0.674307
186.866599	0.674147
187.126731	0.674052
187.139415	0.673931
187.728354	0.673785
188.314116	0.673705
188.354984	0.673585
188.340240	0.673530
188.968181	0.673384
189.110185	0.673289
189.019498	0.673223
189.413056	0.673103
189.699124	0.673035
189.124928	0.672955
189.933874	0.672860
190.375947	0.672794
190.286378	0.672714
191.521910	0.672606
189.606377	0.672593
191.626972	0.672486
192.316680	0.672405
190.935224	0.672393
189.304074	0.672393
189.018006	0.672365
188.861626	0.672338
188.966689	0.672312
188.939629	0.672285
188.966314	0.672257
188.849310	0.672232
188.939629	0.672217
188.951945	0.672192
188.900628	0.672164
189.188755	0.672137
189.044691	0.672124
188.939629	0.672084
188.990946	0.672071
188.912944	0.672031
188.900628	0.672057
188.951945	0.672004
189.149754	0.671964
188.939629	0.671936
189.162070	0.671911
189.005690	0.671896
189.656203	0.671871
189.503375	0.671843
190.467208	0.671790
188.497181	0.671763
192.277303	0.671695
190.898832	0.671655
190.586822	0.671628
190.962833	0.671549
191.422452	0.671522
191.332508	0.671495
191.657577	0.671442
192.022022	0.671402
192.244831	0.671334
192.374893	0.671281
192.910462	0.671213
193.145587	0.671161
194.005850	0.671120
194.281662	0.671053
194.385414	0.670985
194.269153	0.670932
194.908292	0.670865
194.867980	0.670799
195.415483	0.670732
195.793180	0.670679
196.979262	0.670611
194.088697	0.670544
197.242757	0.670463
197.976684	0.670355
198.940699	0.670182
199.860861	0.670115
198.146865	0.670034
198.042370	0.669994
198.171690	0.669954
198.342439	0.669874
198.262009	0.669833
198.315754	0.669821
198.342439	0.669753
198.575137	0.669713
198.470074	0.669700
198.288694	0.669660
198.367072	0.669593
198.262009	0.669580
198.393757	0.669527
198.548077	0.669500
198.640823	0.669472
198.406073	0.669419
198.406073	0.669404
198.484076	0.669379
198.420442	0.669326
198.432758	0.669311
198.613763	0.669271
198.601447	0.669244
198.548077	0.669218
198.393382	0.669178
198.405698	0.669164
198.587078	0.669138
198.471759	0.669123
198.405698	0.669098
198.626080	0.669043
198.706510	0.669043
198.523077	0.669018
198.718826	0.668978
198.510761	0.668978
198.498445	0.668978
198.626080	0.668950
198.510761	0.668910
198.626080	0.668910
198.576447	0.668882
198.731142	0.668857
198.652765	0.668830
198.665081	0.668817
198.640448	0.668777
198.691766	0.668762
198.576447	0.668737
198.652765	0.668709
198.615448	0.668709
198.576447	0.668697
198.823888	0.668642
198.770143	0.668654
198.704082	0.668629
198.718826	0.668576
198.757827	0.668576
198.640081	0.668561
198.769768	0.668549
198.626080	0.668534
198.743083	0.668521
198.654450	0.668481
198.745511	0.668481
198.887147	0.668468
198.887147	0.668441
198.836205	0.668441
198.770143	0.668428
198.757452	0.668401
198.718826	0.668375
198.862890	0.668360
198.640081	0.668348
198.796454	0.668320
198.665081	0.668320
198.665081	0.668320
198.757452	0.668308
198.704082	0.668280
198.691766	0.668253
198.730767	0.668253
198.743083	0.668253
199.303471	0.668240
198.678333	0.668227
198.534644	0.668172
198.187358	0.668187
198.692883	0.668147
199.161092	0.668120
200.429270	0.668107
201.172162	0.668039
201.552093	0.667986
202.322412	0.667919
202.323154	0.667851
204.591016	0.667798
203.586121	0.667746
202.987475	0.667678
204.426421	0.667638
205.829525	0.667585
203.798674	0.667598
203.570453	0.667545
202.755346	0.667530
203.247619	0.667517
203.186969	0.667477
204.540623	0.667409
204.437988	0.667382
204.697745	0.667317
205.247308	0.667289
205.118363	0.667249
207.257079	0.667181
206.602453	0.667141
206.564944	0.667061
206.606373	0.667021
207.478577	0.666928
207.885201	0.666875
207.767822	0.666807
208.407704	0.666767
208.342018	0.666714
208.993648	0.666647
208.954271	0.666566
209.176338	0.666539
209.360520	0.666459
209.802593	0.666406
210.116096	0.666298
210.614716	0.666218
209.216082	0.666190
210.194098	0.666125
210.013835	0.666084
210.950791	0.665989
210.939966	0.665924
211.097089	0.665909
211.916859	0.665803
212.361734	0.665763
212.557857	0.665668
212.831616	0.665643
213.015049	0.665535
213.576928	0.665455
213.706991	0.665415
214.374307	0.665347
213.028676	0.665307
214.322054	0.665254
215.039938	0.665146
215.326756	0.665079
214.975744	0.665013
216.241506	0.664933
216.137193	0.664812
216.958455	0.664732
216.946514	0.664664
217.325328	0.664584
217.731202	0.664531
218.366971	0.664423
218.474461	0.664343
218.723212	0.664290
216.752250	0.664210
217.052319	0.664170
219.726971	0.664035
219.791722	0.663914
220.811167	0.663861
221.605369	0.663713
221.737859	0.663620
220.835050	0.663553
222.613241	0.663405
223.525014	0.663365
221.919614	0.663299
222.430551	0.663204
223.332792	0.663058
223.489740	0.662963
224.595759	0.662898
225.380447	0.662750
225.848269	0.662682
225.574711	0.662574
226.543013	0.662481
226.972777	0.662361
227.155842	0.662240
227.008794	0.662213
226.672901	0.662133
226.255086	0.662040
226.674018	0.661972
227.000204	0.661904
227.939587	0.661799
228.839226	0.661691
229.531918	0.661570
229.152729	0.661530
230.238603	0.661397
230.642049	0.661317
231.322050	0.661209
231.412369	0.661089
231.608117	0.661021
231.569491	0.660900
232.509442	0.660848
233.016265	0.660740
232.846259	0.660700
233.227875	0.660552
234.426091	0.660471
234.376266	0.660391
234.257577	0.660286
234.884207	0.660190
235.263021	0.660097
235.106273	0.659990
235.786274	0.659897
236.046399	0.659776
234.926011	0.659723
236.583653	0.659616
237.861731	0.659520
237.146649	0.659455
237.653473	0.659320
239.208480	0.659227
239.991857	0.659079
240.891497	0.658946
240.381302	0.658853
241.569812	0.658692
241.921940	0.658637
242.718945	0.658477
243.332516	0.658316
243.488896	0.658248
243.658702	0.658115
244.168896	0.658022
244.624403	0.657902
245.472724	0.657754
245.251400	0.657673
245.173398	0.657540
245.786594	0.657473
246.924161	0.657299
247.746165	0.657151
248.450055	0.657071
249.194057	0.656911
249.182115	0.656803
250.292622	0.656682
250.343190	0.656575
250.878384	0.656429
250.523827	0.656386
249.048133	0.656386
249.010817	0.656321
249.048133	0.656241
248.840068	0.656213
249.023133	0.656146
248.905755	0.656107
248.932440	0.656040
249.062135	0.656000
249.049818	0.655945
249.062135	0.655919
249.152821	0.655879
249.218507	0.655839
249.062135	0.655771
249.309201	0.655759
249.230823	0.655731
249.115505	0.655678
249.218507	0.655638
249.154506	0.655624
249.166822	0.655598
249.348202	0.655543
249.230823	0.655531
249.282141	0.655478
249.243140	0.655463
249.453265	0.655450
249.296510	0.655410
249.308826	0.655397
249.257509	0.655383
249.323195	0.655330
249.269825	0.655302
249.453265	0.655277
249.296510	0.655262
249.257509	0.655222
249.154506	0.655182
249.335511	0.655182
249.193507	0.655129
249.467259	0.655129
249.374512	0.655089
249.308826	0.655049
249.401198	0.655049
249.467259	0.655021
249.308826	0.654981
249.584638	0.654981
249.533320	0.654968
249.452890	0.654941
249.362196	0.654901
249.401198	0.654888
249.518576	0.654873
249.401198	0.654833
249.650324	0.654820
249.623639	0.654820
249.648639	0.654768
249.689325	0.654740
249.557578	0.654753
249.584638	0.654740
249.726641	0.654713
249.506260	0.654713
249.425830	0.654687
249.738958	0.654687
249.545261	0.654647
249.464831	0.654632
249.635955	0.654632
249.765643	0.654607
249.518576	0.654580
249.650324	0.654580
249.689325	0.654539
249.530893	0.654539
249.506260	0.654499
249.596579	0.654499
249.662640	0.654487
249.635955	0.654459
249.738958	0.654446
249.674956	0.654446
249.623264	0.654432
249.753326	0.654419
249.596579	0.654391
249.545261	0.654379
249.674956	0.654366
249.752959	0.654326
249.545261	0.654326
249.584263	0.654284
249.608895	0.654298
249.777959	0.654271
249.650324	0.654258
249.662640	0.654258
249.922023	0.654231
250.689733	0.654231
249.127821	0.654231
249.100386	0.654205
250.314270	0.654178
250.929326	0.654138
251.282023	0.654110
251.372342	0.654070
251.215962	0.654058
250.303639	0.654043
252.022480	0.654017
250.264070	0.654017
251.685095	0.653977
252.193411	0.653922
252.770033	0.653897
253.265851	0.653842
252.429104	0.653802
254.205609	0.653736
254.518737	0.653696
254.622114	0.653681
253.930740	0.653629
254.477876	0.653629
255.368176	0.653536
256.111435	0.653495
256.333876	0.653455
256.307933	0.653375
257.966692	0.653307
258.434140	0.653212
258.776013	0.653174
259.820083	0.653079
260.875160	0.653039
260.928905	0.652933
261.204716	0.652851
262.218182	0.652811
260.459772	0.652771
262.797414	0.652690
262.754868	0.652597
263.215604	0.652489
263.773371	0.652424
264.507116	0.652356
262.548662	0.652276
264.598927	0.652196
265.561075	0.652168
266.709091	0.652075
267.014197	0.651967
267.548823	0.651820
268.074136	0.651754
268.778019	0.651619
269.717776	0.651526
268.151570	0.651405
270.853283	0.651325
271.257471	0.651205
271.651404	0.651071
272.421723	0.650976
273.531112	0.650831
273.998935	0.650735
274.340240	0.650575
275.696321	0.650414
275.110184	0.650374
275.397937	0.650226
276.233007	0.650133
277.120330	0.649985
277.590580	0.649880
278.506273	0.649772
278.636335	0.649636
279.026155	0.649516
280.175288	0.649355
281.024727	0.649290
281.103479	0.649114
282.134859	0.648954
282.745628	0.648874
282.892494	0.648740
283.218305	0.648673
283.336801	0.648540
284.534450	0.648392
284.483700	0.648324
286.102148	0.648218
284.597902	0.648098
285.007877	0.648030
284.353994	0.647937
286.313015	0.647857
287.054964	0.647709
289.532569	0.647589
288.989160	0.647481
289.146282	0.647348
289.888231	0.647253
291.349374	0.647092
292.617571	0.646972
292.173813	0.646826
293.636449	0.646610
294.574146	0.646505
295.557018	0.646329
296.052836	0.646196
296.965908	0.646035
297.462469	0.645835
298.389168	0.645699
298.819299	0.645554
299.120111	0.645406
299.731622	0.645285
300.045125	0.645150
301.116255	0.645044
301.570837	0.644936
299.927004	0.644896
299.432121	0.644829
299.351691	0.644763
299.534756	0.644696
299.366060	0.644628
299.586441	0.644615
299.390692	0.644548
299.588126	0.644455
299.534381	0.644402
299.351691	0.644347
299.522440	0.644334
299.546697	0.644254
299.600442	0.644239
299.651760	0.644186
299.715761	0.644133
299.664444	0.644119
299.690761	0.644053
299.769131	0.643998
299.781448	0.643985
299.781448	0.643905
299.847134	0.643892
299.754762	0.643852
299.744131	0.643812
299.898451	0.643785
300.096635	0.643717
300.057259	0.643717
299.900886	0.643677
300.135262	0.643637
300.057259	0.643624
299.978889	0.643584
299.859450	0.643571
300.120893	0.643531
299.888570	0.643476
299.927572	0.643463
300.056892	0.643436
300.017890	0.643423
300.005574	0.643370
299.993258	0.643356
300.147953	0.643330
300.056892	0.643303
299.886135	0.643290
299.925137	0.643263
300.096260	0.643235
300.198895	0.643195
299.966573	0.643168
299.966573	0.643142
300.135262	0.643102
300.032259	0.643102
299.976454	0.643087
300.147578	0.643062
300.135262	0.643047
300.135262	0.643022
300.147578	0.643009
299.573008	0.642982
300.786149	0.642967
300.578084	0.642941
300.618203	0.642887
301.060276	0.642874
301.297086	0.642846
301.060276	0.642834
301.206767	0.642834
301.544152	0.642806
301.766961	0.642766
302.249902	0.642713
302.746095	0.642660
303.243030	0.642620
303.907169	0.642593
304.103668	0.642553
304.169354	0.642512
304.626546	0.642472
304.975872	0.642460
304.704548	0.642420
304.901414	0.642365
305.815797	0.642299
306.532371	0.642231
307.053939	0.642179
307.407378	0.642111
307.994632	0.642083
306.935818	0.642043
307.315006	0.642031
308.085325	0.641963
306.512957	0.641923
308.827835	0.641895
306.780929	0.641883
308.163695	0.641830
308.411137	0.641775
309.091137	0.641722
308.790326	0.641682
309.888891	0.641602
310.005895	0.641561
310.151076	0.641534
309.969128	0.641454
311.102400	0.641414
311.505846	0.641348
312.004841	0.641321
313.440042	0.641228
313.714543	0.641132
314.142990	0.641092
314.707671	0.641025
315.862966	0.640972
315.319183	0.640892
316.090244	0.640799
316.937823	0.640744
317.539253	0.640611
316.339552	0.640558
319.456278	0.640437
320.110535	0.640317
319.941646	0.640262
318.897394	0.640222
320.098962	0.640156
320.762908	0.640048
321.809038	0.639941
322.292915	0.639873
322.342547	0.639780
323.141237	0.639712
323.532174	0.639592
324.239802	0.639526
325.164441	0.639431
325.294503	0.639311
325.817756	0.639271
326.313381	0.639165
327.330959	0.639057
327.906647	0.638977
327.570186	0.638856
329.392423	0.638776
329.746786	0.638683
328.098669	0.638628
328.011334	0.638588
328.101653	0.638508
328.517609	0.638468
328.820655	0.638387
328.439781	0.638320
329.105412	0.638280
328.899032	0.638239
328.989719	0.638199
329.628665	0.638119
329.811355	0.638066
329.116804	0.638066
330.045363	0.637973
331.011238	0.637878
331.001724	0.637798
332.069684	0.637717
332.488242	0.637637
333.038555	0.637557
333.258936	0.637504
334.983382	0.637409
335.204138	0.637288
336.209582	0.637208
337.294713	0.637075
338.023971	0.636995
338.820975	0.636887
339.408229	0.636794
339.095851	0.636714
339.969173	0.636580
340.611857	0.636498
341.183057	0.636392
342.644200	0.636297
342.490623	0.636177
343.102509	0.636031
343.782509	0.635991
344.302959	0.635883
343.557833	0.635830
343.023389	0.635763
342.996329	0.635695
342.907696	0.635682
342.959013	0.635589
342.998014	0.635562
342.945012	0.635509
342.985698	0.635454
342.971329	0.635429
342.985698	0.635388
343.179394	0.635346
343.272141	0.635281
343.154762	0.635253
343.023014	0.635200
343.010331	0.635145
342.971329	0.635145
343.127335	0.635105
343.179394	0.635065
343.296398	0.635012
343.232765	0.635000
343.113333	0.634959
343.035330	0.634919
343.269338	0.634892
343.154020	0.634879
343.349768	0.634824
343.205337	0.634784
343.271766	0.634759
343.257397	0.634744
343.102702	0.634704
343.115018	0.634691
342.931953	0.634651
343.153645	0.634638
343.154020	0.634611
343.193021	0.634598
343.454831	0.634558
343.347341	0.634516
343.191336	0.634503
343.141703	0.634490
342.826516	0.634490
342.580567	0.634438
343.726530	0.634383
344.184464	0.634355
343.937397	0.634330
342.946504	0.634290
346.220920	0.634222
345.882224	0.634182
346.417793	0.634142
346.992356	0.634089
346.771781	0.634049
347.398605	0.634021
347.906739	0.633968
347.958056	0.633941
348.817944	0.633901
348.022432	0.633848
348.415248	0.633833
348.310560	0.633808
348.350304	0.633753
349.093563	0.633740
350.165068	0.633647
349.813314	0.633592
350.857384	0.633552
347.622712	0.633512
351.588327	0.633472
351.966573	0.633351
353.010651	0.633271
353.651275	0.633243
354.473287	0.633138
355.478356	0.633098
355.584161	0.633017
356.288051	0.632962
356.940991	0.632897
356.486602	0.632829
356.823987	0.632776
358.509432	0.632681
359.500507	0.632601
359.734882	0.632508
360.388947	0.632413
361.183149	0.632335
361.536020	0.632240
362.464954	0.632119
363.612227	0.632066
363.260841	0.631946
364.029474	0.631891
365.908808	0.631730
367.281500	0.631625
367.698379	0.631530
368.757194	0.631384
369.554573	0.631276
370.519330	0.631156
371.499774	0.631063
372.399781	0.630887
373.652666	0.630727
374.699546	0.630606
375.325802	0.630458
376.213867	0.630352
376.942382	0.630192
378.052514	0.630031
378.289699	0.629923
379.151079	0.629776
379.867278	0.629683
380.117147	0.629522
381.056162	0.629401
381.056905	0.629321
381.654983	0.629201
381.240712	0.629133
383.079734	0.628985
383.471239	0.628825
385.036328	0.628744
383.046714	0.628691
383.011439	0.628651
383.052867	0.628584
382.986806	0.628491
382.869435	0.628476
382.960121	0.628396
382.725371	0.628370
382.842375	0.628315
382.752056	0.628235
382.922805	0.628222
382.856744	0.628142
382.881376	0.628129
383.013124	0.628089
383.013124	0.628021
383.038124	0.627994
383.052125	0.627954
383.064441	0.627901
383.064809	0.627888
382.973748	0.627848
383.181813	0.627806
383.013124	0.627793
383.013124	0.627768
383.091126	0.627728
383.194129	0.627685
383.286875	0.627645
383.233505	0.627620
383.050440	0.627580
383.482632	0.627565
383.194504	0.627525
383.026932	0.627499
383.404996	0.627445
385.400398	0.627392
383.287057	0.627379
385.806272	0.627299
385.167133	0.627271
387.059158	0.627204
387.610213	0.627151
388.392848	0.627070
389.737730	0.626977
390.154235	0.626910
389.751538	0.626817
391.864686	0.626777
392.974443	0.626656
393.757078	0.626561
393.968321	0.626494
394.789582	0.626413
394.970588	0.626360
396.081094	0.626240
398.679429	0.626160
395.299951	0.626107
397.949036	0.625959
398.629411	0.625906
397.898468	0.625798
400.261678	0.625665
401.488620	0.625597
404.022386	0.625464
403.787261	0.625357
404.647899	0.625209
405.783031	0.625156
405.979155	0.625035
406.998975	0.624860
407.857178	0.624807
408.892484	0.624687
409.882442	0.624579
409.542622	0.624458
409.712436	0.624353
411.241132	0.624245
412.532269	0.624112
412.896714	0.624029
413.396452	0.623909
413.864467	0.623803
414.581416	0.623723
411.073553	0.623668
412.125278	0.623655
412.217649	0.623588
412.282968	0.623522
412.349397	0.623482
412.335028	0.623414
412.203281	0.623374
412.268967	0.623319
412.413031	0.623267
412.244335	0.623241
412.479092	0.623201
412.491033	0.623174
412.413031	0.623093
412.307968	0.623066
412.466401	0.623026
412.373655	0.622985
412.700784	0.622945
412.385971	0.622918
412.478717	0.622852
412.595721	0.622852
412.451657	0.622797
412.752101	0.622757
412.556720	0.622732
412.517719	0.622692
413.001228	0.622664
412.530035	0.622637
412.608037	0.622611
412.791102	0.622571
412.556345	0.622531
412.793905	0.622504
412.508386	0.622463
414.345167	0.622411
415.284182	0.622370
416.384982	0.622303
414.057046	0.622290
416.265368	0.622195
418.233336	0.622182
417.676868	0.622062
420.888207	0.621954
420.341439	0.621901
422.455155	0.621781
424.973810	0.621701
425.392367	0.621605
424.546280	0.621445
427.887507	0.621392
429.127508	0.621231
430.627285	0.621151
431.099963	0.620990
431.816344	0.620870
432.339596	0.620775
433.852425	0.620629
434.845928	0.620534
435.812745	0.620373
436.818189	0.620240
436.856816	0.620120
439.493217	0.619944
440.538972	0.619851
440.435027	0.619718
442.626553	0.619570
442.353169	0.619477
443.540186	0.619342
443.881491	0.619236
444.661323	0.619116
445.629826	0.619021
446.947281	0.618888
446.897823	0.618727
449.454729	0.618619
450.644730	0.618459
450.526041	0.618351
450.867539	0.618218
452.014987	0.618070
452.574813	0.617990
453.475195	0.617844
453.152554	0.617723
454.127393	0.617628
455.187699	0.617480
456.177282	0.617387
458.018539	0.617199
459.076611	0.617079
460.081305	0.616958
460.499127	0.616838
460.707193	0.616757
460.787623	0.616664
461.059321	0.616584
461.176325	0.616489
461.151693	0.616383
461.151693	0.616316
