23.845000	0.751378
23.845000	0.751378
23.286857	0.751486
26.393787	0.751378
27.762044	0.751378
28.050775	0.751270
26.854051	0.751164
29.938130	0.751270
30.203248	0.751270
27.955934	0.751270
27.372215	0.751270
27.096178	0.751270
27.593627	0.751164
27.866872	0.751057
28.326018	0.751164
29.474174	0.751057
30.165513	0.750949
30.124922	0.751057
30.464734	0.751057
30.778097	0.750949
30.883439	0.750843
31.560821	0.751057
31.875773	0.750843
32.215961	0.750843
32.174716	0.750949
32.528809	0.750949
32.737433	0.750735
33.011000	0.750843
33.192615	0.750628
33.728089	0.750843
33.886661	0.750843
33.833291	0.750735
34.263327	0.750735
34.511048	0.750735
34.642979	0.750628
34.826375	0.750735
35.152142	0.750522
35.582318	0.750628
35.714484	0.750522
35.844084	0.750414
36.365232	0.750628
36.274730	0.750522
36.523944	0.750522
36.756921	0.750628
37.006327	0.750414
37.242762	0.750628
37.436502	0.750522
37.553881	0.750522
37.698033	0.750306
37.879369	0.750522
37.840368	0.750414
38.038221	0.750414
38.077178	0.750306
36.225228	0.750306
36.093254	0.750522
36.051869	0.750414
36.103326	0.750522
36.093114	0.750414
36.103326	0.750522
36.130107	0.750522
36.105431	0.750522
36.093114	0.750306
36.117747	0.750414
36.117791	0.750522
36.117791	0.750522
35.557308	0.750414
37.760743	0.750522
36.195191	0.750522
36.078466	0.750522
36.237039	0.750628
37.725607	0.750628
37.906708	0.750414
37.047937	0.750414
38.063926	0.750414
38.806391	0.750414
39.031025	0.750414
39.069554	0.750414
39.682236	0.750306
40.322397	0.750306
39.983981	0.750199
40.465430	0.750199
40.687915	0.750199
41.002493	0.750093
41.198154	0.750199
40.678069	0.750199
42.305718	0.750199
42.031357	0.750199
42.110432	0.750199
40.440430	0.750093
40.493048	0.750093
42.174154	0.749985
41.942251	0.750093
42.084115	0.750199
41.835373	0.750199
41.966552	0.750093
42.098858	0.749985
42.294100	0.749985
41.379159	0.750199
42.175744	0.750199
42.397198	0.749985
42.763887	0.750093
43.115457	0.750093
41.508244	0.750093
41.747244	0.749985
42.646692	0.750199
42.908135	0.750093
43.090169	0.749985
43.390282	0.750093
43.116200	0.749985
43.729955	0.750093
43.468704	0.749985
43.337794	0.749877
43.417430	0.749772
43.979405	0.749985
43.769192	0.750093
44.187426	0.750093
43.796340	0.749877
44.422411	0.749985
44.576871	0.749877
44.696398	0.749877
44.695001	0.749985
44.017280	0.749985
44.358733	0.749985
44.760494	0.749877
45.060049	0.749877
44.408130	0.749877
44.525370	0.749877
44.488472	0.749772
44.486368	0.749877
44.904602	0.749772
44.959002	0.749877
45.296152	0.749664
45.232194	0.749877
45.375044	0.749772
45.428414	0.749877
45.872730	0.749772
45.989734	0.749772
45.883641	0.749772
46.042029	0.749772
46.066610	0.749664
46.210674	0.749772
46.289426	0.749772
46.628725	0.749772
46.589488	0.749664
46.719646	0.749877
46.759162	0.749772
47.203802	0.749558
47.920986	0.749772
47.803791	0.749664
47.986672	0.749664
47.805188	0.749664
48.600611	0.749664
48.730674	0.749664
49.019221	0.749558
49.253228	0.749772
48.638721	0.749558
49.435167	0.749558
50.193030	0.749558
50.270334	0.749558
48.208783	0.749558
48.363382	0.749448
48.365486	0.749558
48.285475	0.749448
48.326250	0.749558
48.365347	0.749448
48.221518	0.749558
48.481364	0.749664
49.317465	0.749664
49.395842	0.749664
49.371394	0.749448
50.427501	0.749558
49.359408	0.749558
50.936804	0.749448
51.003049	0.749448
51.276940	0.749448
51.890467	0.749343
51.954608	0.749448
51.826361	0.749235
53.719128	0.749343
54.004916	0.749343
54.461924	0.749235
54.931520	0.749022
55.022258	0.749235
54.958903	0.749235
55.401770	0.749235
55.886065	0.748914
56.394435	0.748914
56.746564	0.749129
56.567418	0.749129
57.387702	0.749022
57.960073	0.748914
57.972808	0.749022
58.417360	0.748914
58.549387	0.748914
58.784277	0.748914
59.241512	0.748914
59.412496	0.748914
60.312694	0.748808
60.572591	0.748808
60.743384	0.748700
60.976640	0.748808
61.604441	0.748593
62.582965	0.748700
62.544897	0.748700
63.143298	0.748700
63.053354	0.748593
63.287546	0.748593
63.771937	0.748700
63.940773	0.748700
64.097197	0.748593
64.542535	0.748593
64.698776	0.748700
64.997064	0.748700
66.199942	0.748379
66.107894	0.748593
66.304209	0.748593
66.695243	0.748379
67.125750	0.748271
67.269997	0.748485
67.387560	0.748485
67.504799	0.748485
67.754013	0.748485
67.818809	0.748485
68.248521	0.748485
68.549193	0.748379
68.237234	0.748379
68.706227	0.748485
69.084945	0.748485
69.085041	0.748379
69.500987	0.748271
69.620654	0.748379
69.906582	0.748164
70.234314	0.748271
70.104670	0.748058
70.677136	0.748271
70.310447	0.748271
70.637856	0.748164
70.666356	0.747950
71.371880	0.748058
71.773362	0.747950
72.350125	0.748164
72.467268	0.748058
72.949599	0.748058
73.184864	0.747842
73.458292	0.748058
73.524169	0.747950
73.680733	0.747842
73.930183	0.748058
73.928219	0.747842
73.810561	0.747950
73.955139	0.747950
74.214382	0.747950
74.449786	0.747735
74.777055	0.747950
75.234246	0.747842
75.274085	0.747842
75.742843	0.747735
76.017528	0.747842
76.513625	0.747629
76.616819	0.747735
76.787664	0.747842
77.296121	0.747735
77.100791	0.747629
77.127660	0.747735
77.582843	0.747735
77.988673	0.747735
78.015497	0.747629
78.876040	0.747521
79.084340	0.747735
79.086444	0.747521
79.580812	0.747521
79.790886	0.747629
79.842343	0.747629
79.947685	0.747629
80.168764	0.747521
79.715492	0.747629
81.070735	0.747629
81.200849	0.747521
82.427889	0.747521
82.298341	0.747413
82.220104	0.747521
82.178814	0.747521
82.258965	0.747413
82.102681	0.747308
82.467501	0.747413
83.052285	0.747413
78.746065	0.747413
79.397328	0.747308
80.194751	0.747413
79.229521	0.747308
81.057956	0.747308
81.670122	0.747521
82.034890	0.747413
82.388888	0.747413
82.194300	0.747200
83.132845	0.747200
83.381832	0.747413
83.445694	0.747200
83.472335	0.747200
83.355801	0.747413
83.694960	0.747308
83.575668	0.747200
83.746321	0.747413
83.903260	0.747308
83.837294	0.747413
84.020359	0.747413
83.917864	0.747200
84.478014	0.747413
84.583076	0.747308
84.883329	0.747413
84.815539	0.747308
84.778781	0.747308
85.104034	0.747413
84.870541	0.747308
85.093210	0.747200
85.913545	0.747308
86.253917	0.747092
86.566669	0.747092
86.578846	0.747200
86.723468	0.747200
87.009771	0.747092
86.867951	0.747200
87.258986	0.746986
87.350003	0.747092
87.635931	0.746986
87.609246	0.747092
87.728773	0.747092
87.674513	0.746986
88.106137	0.747092
88.081085	0.746879
88.445949	0.746986
88.538836	0.746986
88.758893	0.746986
89.230873	0.746986
89.321147	0.746879
89.385009	0.746879
89.478409	0.747092
89.778567	0.746986
89.986492	0.746986
90.377997	0.747092
90.639668	0.746879
89.321985	0.747092
91.057770	0.747092
91.189701	0.746986
91.476004	0.746986
91.723254	0.746986
91.972660	0.746771
92.063258	0.746771
92.168085	0.746771
92.102303	0.746879
92.428820	0.746879
92.728698	0.746771
92.794480	0.746879
93.092959	0.746879
93.603661	0.746879
93.460067	0.746771
93.445926	0.746879
93.136762	0.746663
93.591430	0.746771
94.242835	0.746771
94.504373	0.746771
94.673481	0.746557
95.116068	0.746663
94.896341	0.746663
94.754844	0.746557
95.301840	0.746663
95.705801	0.746557
95.900896	0.746663
95.784083	0.746663
95.822989	0.746663
95.979369	0.746663
96.045474	0.746663
96.280180	0.746557
96.373066	0.746663
96.710686	0.746663
96.749871	0.746663
96.710686	0.746450
96.813829	0.746663
96.933076	0.746663
97.063095	0.746663
97.075359	0.746663
96.880074	0.746663
97.063139	0.746557
96.739466	0.746557
97.767815	0.746557
97.885194	0.746663
97.848481	0.746557
98.525590	0.746557
98.473994	0.746342
98.682198	0.746450
98.734119	0.746450
99.100991	0.746450
99.137565	0.746342
99.061431	0.746450
99.256952	0.746342
99.998300	0.746450
99.374750	0.746450
99.609316	0.746450
99.819530	0.746450
99.935128	0.746236
100.171659	0.746236
100.223630	0.746236
100.602305	0.746342
100.888468	0.746342
98.409145	0.746236
98.395756	0.746236
98.591416	0.746342
97.965292	0.746342
98.920726	0.746450
99.452561	0.746342
99.254708	0.746342
99.386552	0.746342
99.308358	0.746450
99.347359	0.746128
99.386456	0.746236
99.308358	0.746342
99.335190	0.746342
99.335139	0.746342
99.322918	0.746236
99.374191	0.746342
99.320770	0.746450
99.347455	0.746450
99.335190	0.746450
99.374096	0.746236
99.349559	0.746236
99.400921	0.746236
99.359911	0.746342
99.320770	0.746236
99.308358	0.746450
99.335139	0.746450
99.332990	0.746342
99.320770	0.746450
99.335139	0.746450
99.347455	0.746450
99.374140	0.746450
99.347359	0.746342
99.320770	0.746342
99.359771	0.746236
99.320630	0.746236
99.374096	0.746342
99.386640	0.746342
99.371992	0.746342
99.347315	0.746236
99.347594	0.746342
99.361919	0.746342
99.347315	0.746450
99.347550	0.746342
99.335139	0.746236
99.361780	0.746450
99.425597	0.746450
99.335190	0.746450
99.374096	0.746342
99.386456	0.746342
99.881715	0.746342
98.176438	0.746450
99.855449	0.746236
99.385993	0.746450
99.425134	0.746450
99.246033	0.746342
99.726600	0.746342
99.816867	0.746450
99.049855	0.746342
98.930103	0.746342
99.087460	0.746342
99.387853	0.746342
101.528673	0.746342
101.632190	0.746342
101.869419	0.746128
101.894000	0.746128
101.998923	0.746128
102.417392	0.746128
102.691379	0.746128
102.770315	0.746128
103.043464	0.746236
103.212483	0.746128
103.056059	0.746128
103.317869	0.746236
103.682035	0.746236
103.748236	0.746023
104.009252	0.746236
104.178316	0.746128
104.244517	0.746023
104.190728	0.746023
104.178507	0.746128
104.205376	0.746023
104.322799	0.746236
104.503716	0.746128
104.466863	0.746236
104.662428	0.746236
104.362175	0.746128
104.492002	0.746128
104.662428	0.746128
104.621322	0.746128
104.558064	0.746023
104.831448	0.746128
104.871147	0.746023
105.156935	0.746023
105.484248	0.745915
105.250196	0.745915
105.482659	0.746023
105.317140	0.746023
106.083958	0.745807
106.111018	0.746023
106.475088	0.745807
106.502192	0.746023
106.478170	0.746023
106.920522	0.746023
107.024135	0.745915
107.128683	0.745915
107.429266	0.746023
107.522336	0.745807
107.793939	0.745915
107.989739	0.745807
107.925687	0.745807
108.238726	0.745915
107.950738	0.745699
108.211527	0.745915
108.238116	0.745915
107.913466	0.745915
108.380590	0.745699
107.771409	0.745915
108.486491	0.745699
108.825980	0.745699
108.864930	0.745807
109.073326	0.745915
109.190330	0.745807
109.388462	0.745807
109.478876	0.745915
109.454244	0.745807
109.882786	0.745915
109.858624	0.745807
110.144412	0.745807
110.067012	0.745807
110.523689	0.745915
110.903018	0.745807
110.968520	0.745915
111.372202	0.745699
111.619408	0.745807
111.425851	0.745592
111.829577	0.745699
111.554603	0.745807
112.076687	0.745592
112.142940	0.745807
112.142800	0.745699
112.416691	0.745592
111.737573	0.745699
112.742319	0.745699
112.495532	0.745699
112.886566	0.745699
113.043365	0.745592
113.238651	0.745486
113.292117	0.745807
113.435902	0.745592
113.512778	0.745699
113.566243	0.745699
113.825486	0.745592
113.591853	0.745592
113.996750	0.745592
114.439521	0.745378
114.165490	0.745592
114.232154	0.745592
114.283236	0.745592
114.505722	0.745592
114.559467	0.745486
114.493361	0.745592
114.532642	0.745699
114.506185	0.745699
114.362915	0.745699
114.936037	0.745592
115.066474	0.745486
115.745497	0.745378
115.574983	0.745592
115.641184	0.745378
116.044535	0.745486
116.019763	0.745486
116.124965	0.745486
116.176701	0.745486
116.189201	0.745486
116.371943	0.745378
116.072058	0.745486
116.318940	0.745486
116.543111	0.745486
116.621437	0.745378
116.841958	0.745486
116.932556	0.745486
117.011397	0.745486
117.181822	0.745378
116.935917	0.745273
117.299289	0.745378
117.468353	0.745486
117.274473	0.745378
117.246382	0.745378
117.807938	0.745486
117.862006	0.745486
118.160669	0.745273
118.162773	0.745273
118.211428	0.745273
118.109822	0.745378
118.852662	0.745378
119.688947	0.745165
119.701543	0.745378
118.384691	0.745165
119.781221	0.745378
120.995203	0.745273
120.827535	0.745273
121.726520	0.745165
122.013705	0.745273
122.378246	0.745273
122.900609	0.745057
123.109747	0.745165
123.683619	0.745273
124.101060	0.745165
125.013434	0.745057
123.200625	0.745057
123.933488	0.745165
124.441762	0.745165
124.951807	0.745057
125.837682	0.745057
125.367239	0.745057
125.550627	0.744841
125.721237	0.745057
125.889881	0.744949
126.166068	0.745057
126.112558	0.745165
126.191259	0.744949
126.699297	0.744949
126.946599	0.745057
126.804918	0.745057
127.156253	0.744841
127.274375	0.744949
127.991044	0.744841
127.602342	0.744841
127.510249	0.744736
127.915888	0.744949
128.568226	0.744949
129.128515	0.744736
129.507189	0.744736
129.387898	0.744736
129.519881	0.744841
129.193310	0.744736
129.729954	0.744841
130.395350	0.744841
130.537685	0.744736
130.774539	0.744841
130.941175	0.744736
131.347049	0.744628
131.241987	0.744628
131.373970	0.744522
131.843617	0.744736
132.237175	0.744736
132.547875	0.744736
132.535794	0.744736
132.692218	0.744736
132.939468	0.744736
130.633783	0.744736
132.888569	0.744736
132.796198	0.744736
133.213550	0.744522
133.853851	0.744628
133.869991	0.744628
134.571263	0.744415
134.781197	0.744628
134.781153	0.744522
134.676509	0.744522
134.887053	0.744628
135.341766	0.744628
135.642437	0.744522
135.551795	0.744628
135.982537	0.744522
136.060958	0.744628
136.283069	0.744628
136.569599	0.744415
136.713854	0.744415
137.144309	0.744522
137.288373	0.744307
137.313189	0.744415
137.445077	0.744522
137.457202	0.744522
137.641017	0.744522
137.968373	0.744415
138.096148	0.744307
138.215675	0.744201
138.513824	0.744307
138.528847	0.744415
138.919889	0.744522
139.272245	0.744522
139.416824	0.744522
139.675971	0.744415
139.833329	0.744201
139.613183	0.744415
140.135546	0.744415
140.173141	0.744201
140.605377	0.744307
140.789001	0.744415
141.138563	0.744307
141.099745	0.744201
141.244044	0.744201
141.805828	0.744307
143.723227	0.744307
142.640148	0.744201
142.836272	0.744201
142.576137	0.744201
143.110493	0.743986
143.501859	0.743986
143.841297	0.744091
143.973698	0.744201
144.050016	0.744091
144.494707	0.744091
144.651455	0.743878
145.120779	0.744091
145.370508	0.744091
145.657318	0.744091
145.994659	0.743986
146.271125	0.744091
146.676065	0.744091
146.427968	0.743986
146.506059	0.743986
147.495737	0.743878
147.718267	0.743986
148.149096	0.743772
148.423223	0.743772
148.528521	0.743986
148.647952	0.743878
148.724505	0.743878
149.181181	0.743878
149.298840	0.743772
149.130658	0.743772
149.782716	0.743878
150.355689	0.743878
150.668773	0.743772
150.655898	0.743772
149.713766	0.743986
148.580913	0.743878
148.136457	0.743772
148.122132	0.743772
148.136501	0.743878
148.124141	0.743772
148.124141	0.743986
148.136457	0.743878
148.124236	0.743986
148.148773	0.743772
148.097456	0.743878
148.161133	0.743878
148.111920	0.743986
148.124097	0.743986
148.148957	0.743986
148.229064	0.743986
148.200414	0.743986
148.163377	0.743986
148.175833	0.743986
148.122132	0.743986
148.124280	0.743878
148.175598	0.743878
148.200414	0.743772
148.150921	0.743772
148.190202	0.743878
148.136596	0.743772
148.200414	0.743878
148.163142	0.743772
148.175554	0.743878
148.190062	0.743772
148.202283	0.743878
148.202562	0.743878
148.175598	0.743986
148.163377	0.743878
148.163377	0.743772
148.163282	0.743772
148.214878	0.743986
148.214695	0.743878
148.188098	0.743878
148.253696	0.743878
148.214695	0.743772
148.188193	0.743878
148.175598	0.743772
148.214878	0.743664
148.760757	0.743878
147.682766	0.743664
148.320037	0.743772
147.889295	0.743878
148.828729	0.743878
147.679640	0.743878
149.572172	0.743772
150.068784	0.743772
149.978465	0.743664
150.396471	0.743878
150.734180	0.743772
150.697283	0.743878
150.839757	0.743878
151.165010	0.743878
150.957643	0.743664
151.399951	0.743772
152.521186	0.743664
148.343963	0.743557
151.688725	0.743772
151.727778	0.743557
152.118717	0.743664
152.327018	0.743772
152.549407	0.743772
152.730604	0.743772
152.889036	0.743772
153.072381	0.743878
152.903736	0.743878
152.863005	0.743878
153.175574	0.743878
153.344638	0.743772
153.437105	0.743878
153.555087	0.743664
154.077920	0.743772
154.063456	0.743772
154.105443	0.743664
154.521015	0.743772
154.741212	0.743557
154.873004	0.743664
155.146903	0.743557
155.500900	0.743451
155.383757	0.743451
155.318210	0.743664
155.917501	0.743557
156.269909	0.743451
156.230629	0.743557
156.570581	0.743664
156.688239	0.743664
157.145519	0.743451
157.184615	0.743451
157.419924	0.743451
157.825195	0.743557
158.060181	0.743557
158.346160	0.743664
158.333888	0.743557
158.608294	0.743451
158.671971	0.743557
158.960378	0.743451
158.622425	0.743451
159.337603	0.743557
159.625819	0.743451
158.945958	0.743451
159.376325	0.743343
160.501017	0.743343
159.980287	0.743343
160.410181	0.743451
157.456926	0.743451
158.400368	0.743235
159.312412	0.743451
159.523933	0.743451
160.384057	0.743451
160.462295	0.743343
161.061813	0.743451
161.572426	0.743235
161.376861	0.743343
161.844449	0.743343
161.768131	0.743235
161.988468	0.743128
161.726886	0.743343
161.636663	0.743235
162.551046	0.743343
162.482741	0.743343
162.250602	0.743343
162.209592	0.743343
163.214477	0.743343
163.748275	0.743343
161.311175	0.743343
161.753711	0.743343
161.819449	0.743235
161.740931	0.743235
162.993537	0.743343
163.309188	0.743343
164.703379	0.743343
164.156523	0.743235
164.652436	0.743235
165.369473	0.743128
165.408570	0.743022
165.826804	0.743235
165.841548	0.743128
166.296312	0.743128
166.689870	0.743128
166.753871	0.742914
167.093691	0.742914
167.365757	0.743022
168.086444	0.742914
167.822949	0.742914
167.981382	0.742806
168.214079	0.743128
168.399572	0.742914
168.712699	0.743128
168.830820	0.743128
169.143206	0.743022
169.324586	0.743128
169.493649	0.743022
169.532651	0.743022
169.391014	0.743128
169.757145	0.742914
170.031271	0.743022
170.476521	0.743022
170.657526	0.743022
170.488837	0.743022
170.826222	0.743022
170.682159	0.742806
170.748220	0.742806
170.879967	0.743022
170.892651	0.743022
171.127034	0.742806
171.479538	0.742806
171.532908	0.742914
172.000730	0.742914
171.856666	0.742806
172.015099	0.742701
172.213283	0.742806
172.550668	0.742806
172.641354	0.742806
172.602728	0.742701
173.762685	0.742806
173.408697	0.742914
172.914738	0.742806
172.824794	0.742914
172.966798	0.742914
173.698491	0.742914
173.259027	0.742806
175.149185	0.742914
175.723380	0.742806
176.127194	0.742701
176.362319	0.742701
176.662763	0.742593
176.794511	0.742701
177.237326	0.742701
177.093262	0.742701
177.250017	0.742593
177.629573	0.742485
178.073706	0.742593
178.150398	0.742593
178.426210	0.742593
178.766023	0.742593
179.287215	0.742485
179.377909	0.742485
179.248964	0.742701
179.860100	0.742593
180.253290	0.742701
180.475724	0.742701
180.669421	0.742701
180.618103	0.742701
180.957916	0.742485
180.891855	0.742701
181.193041	0.742701
181.481168	0.742701
181.767611	0.742593
181.818929	0.742593
181.845614	0.742593
181.909990	0.742377
182.093055	0.742377
182.315489	0.742377
181.975676	0.742485
182.340121	0.742485
182.679934	0.742377
182.640933	0.742485
183.007805	0.742485
183.163810	0.742485
183.034123	0.742485
181.486387	0.742485
182.761856	0.742485
183.633318	0.742485
182.080364	0.742485
183.567257	0.742272
182.471869	0.742377
182.445184	0.742377
182.589990	0.742377
183.229872	0.742272
184.284948	0.742377
184.392071	0.742377
184.575503	0.742377
184.977264	0.742377
185.735267	0.742272
185.879331	0.742377
185.723701	0.742377
186.231460	0.742272
186.598333	0.742377
186.753028	0.742164
186.637709	0.742377
186.989463	0.742164
186.598708	0.742272
186.899519	0.742377
186.385606	0.742272
186.481329	0.742377
187.486030	0.742377
187.434713	0.742377
187.199020	0.742272
187.889844	0.742272
188.034283	0.742272
188.504533	0.742164
189.156731	0.742272
189.103728	0.742164
189.573236	0.742056
189.705358	0.742056
190.863824	0.742056
191.362251	0.742056
189.260851	0.742056
189.783361	0.742056
190.460559	0.742164
190.162175	0.742164
190.905809	0.741950
190.996870	0.742164
191.270622	0.742272
191.519748	0.742272
191.231995	0.742164
192.107002	0.742164
192.210004	0.741950
192.943007	0.742056
192.473875	0.742164
192.642571	0.742056
192.787002	0.742056
193.007009	0.742056
193.151447	0.741950
193.581954	0.742056
193.699700	0.741950
194.090455	0.742056
193.804762	0.741950
194.455275	0.742056
194.509020	0.741950
194.144950	0.742056
194.509395	0.741950
194.966212	0.741843
194.665400	0.742056
194.848833	0.742056
195.186593	0.741843
195.252654	0.742056
194.721380	0.741950
195.553466	0.742056
195.998716	0.741950
196.323785	0.741950
196.727231	0.741735
196.780976	0.741735
197.393798	0.742056
197.042786	0.741843
197.172849	0.741950
197.329229	0.741735
197.863680	0.741950
197.552412	0.741843
198.306496	0.741950
198.722826	0.741843
196.532225	0.741843
198.660117	0.741843
198.400359	0.741950
199.025304	0.741735
199.235804	0.741843
199.692246	0.741843
200.137121	0.741843
200.305817	0.741843
200.318876	0.741629
200.619312	0.741629
200.971441	0.741735
201.272260	0.741735
201.193882	0.741735
201.181941	0.741735
201.337946	0.741735
198.726545	0.741735
200.266816	0.741629
200.122752	0.741629
200.345186	0.741629
200.266816	0.741843
200.357502	0.741843
200.369818	0.741735
200.281185	0.741735
200.369818	0.741629
200.384187	0.741843
200.293501	0.741735
200.384187	0.741735
200.501566	0.741735
200.266816	0.741629
200.384187	0.741843
200.161753	0.741629
200.357502	0.741629
200.384187	0.741629
200.384187	0.741843
200.293501	0.741735
200.254500	0.741735
200.266816	0.741629
200.281185	0.741843
200.408820	0.741735
200.266816	0.741629
200.332502	0.741843
200.305817	0.741843
200.305817	0.741843
200.332502	0.741735
200.396503	0.741735
200.320186	0.741735
200.408820	0.741629
200.396503	0.741629
200.396503	0.741629
200.266816	0.741735
200.320186	0.741735
200.332502	0.741735
200.281185	0.741735
200.408820	0.741735
200.281185	0.741629
200.281185	0.741735
200.528251	0.741843
200.474881	0.741735
200.489250	0.741629
200.489250	0.741735
200.345186	0.741735
200.266816	0.741735
200.462565	0.741629
200.266816	0.741629
200.293501	0.741521
200.384187	0.741521
200.396503	0.741521
200.579569	0.741735
200.501941	0.741735
200.396503	0.741735
200.501566	0.741735
200.489250	0.741521
200.540942	0.741735
200.697315	0.741521
200.721947	0.741735
200.724375	0.741735
200.944381	0.741735
200.944381	0.741629
200.841379	0.741735
200.982640	0.741735
200.658688	0.741521
200.736691	0.741735
200.878695	0.741735
201.049444	0.741735
201.049444	0.741735
201.479950	0.741629
201.898515	0.741735
202.042579	0.741843
202.080637	0.741629
202.839583	0.741629
202.837898	0.741521
203.008647	0.741521
203.099333	0.741629
203.229028	0.741735
203.412093	0.741629
203.568841	0.741629
203.556525	0.741629
203.634902	0.741416
203.647961	0.741629
203.803966	0.741521
204.378536	0.741629
204.378536	0.741629
204.522967	0.741521
204.495907	0.741521
204.353904	0.741629
204.430221	0.741629
204.561969	0.741521
204.483966	0.741735
204.718349	0.741735
204.796726	0.741416
204.691664	0.741629
204.718724	0.741629
204.561969	0.741629
204.926414	0.741629
205.019160	0.741629
204.860727	0.741629
205.227225	0.741521
205.293286	0.741521
205.239541	0.741416
205.567045	0.741629
205.528044	0.741521
205.579729	0.741521
205.828855	0.741521
206.061920	0.741521
206.152239	0.741306
205.957233	0.741306
206.547857	0.741521
206.494487	0.741416
206.572857	0.741306
206.832239	0.741521
207.159743	0.741521
207.147427	0.741521
207.030048	0.741521
207.093682	0.741521
206.924986	0.741629
207.015304	0.741416
207.291491	0.741521
207.174112	0.741416
207.174112	0.741416
207.421178	0.741521
207.264806	0.741521
207.550873	0.741521
207.198745	0.741521
207.162171	0.741416
207.484812	0.741521
207.839369	0.741521
207.641560	0.741521
207.812683	0.741521
207.656303	0.741416
207.864368	0.741416
207.812683	0.741629
208.257559	0.741521
208.346192	0.741521
208.074494	0.741521
208.333876	0.741521
208.426623	0.741416
208.438939	0.741306
208.465624	0.741521
208.764383	0.741306
209.324395	0.741306
208.661747	0.741416
208.595686	0.741416
208.647004	0.741416
208.883814	0.741521
208.857129	0.741200
208.869445	0.741306
208.844813	0.741416
208.972448	0.741416
209.221574	0.741521
209.157940	0.741306
209.038509	0.741306
209.196942	0.741521
209.263003	0.741521
209.495700	0.741416
209.390638	0.741416
209.156630	0.741416
209.664764	0.741416
209.615132	0.741416
209.615132	0.741416
209.703765	0.741416
209.576130	0.741306
209.588447	0.741306
209.483384	0.741416
209.600763	0.741200
209.742767	0.741416
209.901574	0.741306
209.862198	0.741416
209.745194	0.741306
209.913890	0.741416
209.928259	0.741416
210.006637	0.741306
209.808828	0.741416
210.006637	0.741306
209.901574	0.741306
210.070638	0.741306
209.913890	0.741306
210.346449	0.741416
210.422767	0.741306
210.383766	0.741306
210.515513	0.741306
210.682149	0.741200
210.461768	0.741306
210.737955	0.741306
210.657517	0.741306
210.750271	0.741306
208.477198	0.741306
209.313945	0.741416
208.596061	0.741416
210.241387	0.741416
210.449452	0.741416
210.552829	0.741306
211.063766	0.741200
211.362150	0.741306
211.285832	0.741200
211.416270	0.741306
212.002781	0.741200
212.120153	0.741306
212.379910	0.741306
212.393911	0.741306
212.511658	0.741416
212.890472	0.741200
213.137913	0.741200
212.942164	0.741200
213.230659	0.741306
212.825160	0.741092
213.294293	0.741306
213.401783	0.740985
213.531845	0.741200
213.792913	0.741200
213.700909	0.741200
213.920548	0.741200
213.869605	0.741200
214.197102	0.741092
214.116297	0.741200
214.546803	0.741200
214.419168	0.741200
214.468801	0.741200
215.018738	0.741200
214.781928	0.740985
214.769612	0.741200
214.886991	0.741092
215.162802	0.741092
215.241547	0.741200
215.475930	0.740985
215.449245	0.741200
215.475930	0.740985
215.762372	0.741200
215.671679	0.740985
215.474245	0.741092
215.762372	0.741200
215.815743	0.740985
215.593676	0.741092
215.826374	0.741200
216.063184	0.740985
215.947865	0.740985
216.063184	0.741200
216.063184	0.741306
216.219564	0.741092
216.207248	0.741092
216.129245	0.741200
216.402996	0.741092
216.258933	0.740985
216.402996	0.740985
216.324994	0.741092
216.533059	0.740985
216.427629	0.740879
216.508059	0.740985
216.258933	0.741092
216.337310	0.741092
216.611062	0.740985
216.545375	0.741092
216.885188	0.741092
216.860188	0.741200
216.755500	0.741092
216.782185	0.741092
216.909820	0.740985
217.134314	0.741092
217.158947	0.740985
217.068628	0.741092
217.185632	0.741200
217.014883	0.740985
216.951249	0.741200
217.200375	0.741200
217.525819	0.740985
217.669883	0.741092
217.367012	0.741092
217.657567	0.740985
217.733884	0.741092
217.734259	0.741200
217.905008	0.741092
218.141818	0.741092
218.088073	0.741092
218.075757	0.741092
218.570265	0.741092
218.401201	0.741092
218.232137	0.740879
218.387199	0.740985
218.648267	0.740879
218.792331	0.740985
218.609266	0.740771
218.516520	0.740985
218.388885	0.740879
218.555521	0.740985
218.504203	0.740879
218.504203	0.741092
218.596950	0.740985
218.543205	0.741092
218.714328	0.741092
218.401201	0.741092
218.438517	0.741092
218.335514	0.740985
218.401201	0.741092
218.570265	0.741092
218.778330	0.741092
218.636326	0.740985
218.543580	0.740879
218.663011	0.740985
218.741014	0.740985
218.687643	0.740879
218.596950	0.740985
218.609266	0.740985
218.675327	0.740985
218.621582	0.740985
218.778330	0.740771
218.530888	0.740771
218.530888	0.740879
218.687268	0.740985
218.805015	0.740985
218.741763	0.740985
219.015140	0.740985
219.247837	0.740985
219.275640	0.740771
219.641395	0.740879
219.837151	0.740771
219.732089	0.740985
219.981583	0.740985
220.059585	0.740985
220.176964	0.740879
219.758774	0.740879
219.836776	0.740985
220.293968	0.740985
219.863836	0.740771
220.005840	0.740879
219.954523	0.740985
220.071901	0.740879
220.084218	0.740985
220.318968	0.740985
220.045216	0.740985
220.150279	0.740879
219.901152	0.740771
220.005840	0.740985
220.358344	0.740879
220.292283	0.740985
220.189648	0.740985
220.605410	0.740985
220.593094	0.740985
221.139487	0.740771
221.506735	0.740985
220.659155	0.740879
220.659155	0.740666
220.503525	0.740771
219.852819	0.740771
221.207408	0.740879
221.636990	0.740879
218.232137	0.740879
218.582206	0.740666
218.713954	0.740666
218.608891	0.740666
218.309572	0.740879
219.196520	0.740879
219.705029	0.740879
219.614335	0.740879
219.887719	0.740879
219.560965	0.740879
219.731714	0.740985
219.993524	0.740771
219.692713	0.740771
219.771090	0.740879
219.954155	0.740771
219.732089	0.740879
219.979155	0.740879
220.110903	0.740879
220.137588	0.740879
220.071527	0.740879
219.876153	0.740879
219.993524	0.740666
219.993524	0.740771
219.876153	0.740771
220.098587	0.740879
220.242650	0.740879
219.693830	0.740985
220.279966	0.740985
220.111278	0.740879
220.436346	0.740879
220.477775	0.740985
220.214280	0.740879
220.279966	0.740771
220.385029	0.740879
220.240965	0.740879
220.566409	0.740985
220.710098	0.740985
220.803219	0.740985
220.449405	0.740985
220.763843	0.740771
220.698157	0.740771
220.554468	0.740985
221.209093	0.740985
221.246784	0.740985
221.676916	0.740879
221.666285	0.740879
222.107047	0.740879
222.187477	0.740879
222.381173	0.740666
222.772304	0.740879
222.368857	0.740879
222.381173	0.740985
222.368857	0.740879
222.617984	0.740879
222.368857	0.740771
222.395542	0.740666
222.578607	0.740879
222.135224	0.740879
222.591298	0.740771
222.799363	0.740879
222.708670	0.740879
222.865425	0.740771
222.957796	0.740666
222.760362	0.740771
222.943427	0.740666
222.879794	0.740879
222.943427	0.740771
222.943427	0.740771
223.061174	0.740771
223.100550	0.740771
223.650113	0.740666
223.478989	0.740771
223.780175	0.740771
223.909870	0.740558
224.078559	0.740771
224.288684	0.740771
224.210681	0.740666
224.457748	0.740879
224.484433	0.740771
224.511493	0.740771
224.589495	0.740558
224.772561	0.740771
224.550494	0.740666
224.902623	0.740771
224.953941	0.740771
224.680189	0.740771
225.086063	0.740666
225.189066	0.740666
225.098379	0.740771
225.098379	0.740666
225.267443	0.740558
225.528878	0.740558
225.710258	0.740558
225.580938	0.740771
225.788636	0.740666
225.842006	0.740771
226.064447	0.740771
226.052506	0.740879
226.546639	0.740771
226.715702	0.740771
226.991146	0.740666
226.742387	0.740666
227.382644	0.740666
227.238580	0.740771
227.368275	0.740879
227.211895	0.740771
227.172894	0.740771
227.290273	0.740771
227.370703	0.740771
227.316958	0.740558
227.409704	0.740771
227.669086	0.740666
227.916528	0.740771
227.096008	0.740558
226.456320	0.740666
227.735523	0.740666
228.244024	0.740666
228.283400	0.740666
229.079662	0.740666
228.452089	0.740666
228.493525	0.740450
228.647845	0.740558
228.635529	0.740558
228.532527	0.740558
228.544843	0.740666
228.662214	0.740450
228.689274	0.740450
228.476722	0.740666
228.909656	0.740558
229.002402	0.740666
229.601230	0.740666
229.405848	0.740666
229.447652	0.740666
229.694718	0.740558
229.772721	0.740666
230.580356	0.740558
230.228227	0.740558
230.306605	0.740450
230.516355	0.740666
230.516355	0.740558
230.646043	0.740558
230.204345	0.740450
230.868484	0.740450
230.868484	0.740558
230.856168	0.740450
228.503407	0.740558
229.105037	0.740558
228.987658	0.740666
229.197783	0.740666
229.185467	0.740558
229.066036	0.740666
229.313102	0.740666
229.171098	0.740450
229.300786	0.740450
229.092721	0.740558
228.766535	0.740558
229.211217	0.740342
228.871029	0.740450
229.836722	0.740342
230.188851	0.740558
230.345606	0.740558
230.213483	0.740558
230.267603	0.740342
230.905800	0.740558
230.854482	0.740558
231.793316	0.740558
230.945369	0.740558
229.966042	0.740450
230.252485	0.740450
230.124850	0.740342
230.332915	0.740558
230.267603	0.740558
229.561479	0.740558
229.522852	0.740558
227.333000	0.740450
231.194670	0.740558
231.220988	0.740558
231.350675	0.740342
231.235356	0.740558
231.440994	0.740558
231.326418	0.740450
231.637118	0.740450
231.534483	0.740342
231.702804	0.740342
232.084053	0.740342
232.174739	0.740450
232.343435	0.740450
232.304434	0.740450
232.357804	0.740342
232.539184	0.740342
232.592929	0.740342
232.617562	0.740342
232.642562	0.740450
232.747249	0.740450
232.996751	0.740450
233.387881	0.740450
233.219185	0.740234
233.204816	0.740450
233.258186	0.740558
233.742437	0.740450
233.845072	0.740450
233.686632	0.740450
233.647631	0.740450
233.478567	0.740450
233.870072	0.740450
234.106882	0.740450
234.119199	0.740342
234.106882	0.740234
234.523012	0.740342
234.628075	0.740342
234.601390	0.740450
234.836515	0.740342
235.019580	0.740342
234.994948	0.740342
235.176328	0.740342
235.149643	0.740234
235.308075	0.740342
235.150385	0.740342
236.051709	0.740342
236.050024	0.740342
236.313519	0.740234
236.533901	0.740129
236.964407	0.740234
236.978776	0.740342
236.886029	0.740342
237.291903	0.740342
237.226217	0.740129
237.277535	0.740342
237.683409	0.740234
238.128284	0.740234
238.140600	0.740129
238.558415	0.740234
238.635108	0.740342
238.843173	0.740234
238.768347	0.740129
239.459172	0.740129
239.731613	0.740234
240.266807	0.740234
240.202806	0.740234
240.437556	0.740234
240.125545	0.740129
240.567618	0.740021
240.843430	0.740234
241.129872	0.740234
241.222618	0.740021
241.311252	0.740129
241.665441	0.740129
241.494685	0.740129
241.523805	0.740129
242.044997	0.740129
242.475129	0.740129
242.710254	0.740234
242.839949	0.740021
243.126016	0.740234
243.519574	0.740234
243.624637	0.740234
243.453888	0.740234
243.818333	0.740234
244.341586	0.740129
244.211891	0.740234
244.838521	0.740129
245.581780	0.740021
245.386031	0.740234
245.855906	0.740129
245.973285	0.740021
246.797349	0.740129
246.638541	0.740021
246.702543	0.740021
246.836350	0.740021
246.836350	0.740021
246.912668	0.739915
247.201163	0.740021
247.448229	0.739807
247.918112	0.740021
248.204179	0.739807
248.884180	0.740021
249.054929	0.739807
249.901940	0.739915
249.837939	0.739915
249.979943	0.739915
250.243438	0.739915
250.398133	0.739915
250.281129	0.739700
250.437134	0.739915
250.737945	0.739915
248.530934	0.739915
248.453306	0.739700
248.531676	0.739807
248.754492	0.739915
249.314686	0.739915
249.392689	0.739807
249.380372	0.739700
249.890192	0.739915
248.282182	0.739915
248.362612	0.739915
248.348243	0.739807
248.348243	0.739700
248.609678	0.739915
248.374928	0.739915
248.453306	0.739807
248.467675	0.739915
248.453306	0.739915
248.348243	0.739915
248.479991	0.739807
248.570677	0.739807
248.479991	0.739915
248.492307	0.740021
248.467675	0.739915
248.675740	0.739807
248.570677	0.739915
248.467675	0.739915
248.362612	0.739915
248.582993	0.739915
248.479991	0.739915
248.453306	0.739700
248.556308	0.739915
248.582993	0.739915
248.556308	0.739915
248.348243	0.739807
248.467675	0.739915
248.467675	0.739700
248.453306	0.740021
248.675740	0.739807
248.518992	0.740021
249.353687	0.739915
249.161483	0.739915
249.876940	0.739915
250.018944	0.740021
250.150317	0.739915
249.798563	0.740021
249.864624	0.740021
249.979943	0.739700
249.967626	0.739915
250.085005	0.739915
249.969312	0.739915
250.018944	0.739915
250.099374	0.739807
250.111690	0.739807
250.268070	0.739915
250.319755	0.739915
250.138375	0.739915
250.229069	0.739915
250.243438	0.739915
250.177377	0.740021
250.085005	0.739807
250.463819	0.740021
250.190068	0.739915
250.476135	0.739915
250.791690	0.739915
250.972695	0.739807
251.024013	0.739915
251.077758	0.739700
250.843008	0.739807
251.011697	0.739807
249.964275	0.739915
249.838306	0.740021
250.451503	0.739807
249.641815	0.739915
249.707501	0.740021
249.695185	0.739915
249.212426	0.739915
250.204436	0.739915
250.946385	0.739807
252.083202	0.739700
252.853521	0.739807
253.465407	0.739807
253.741219	0.739807
253.389832	0.739915
254.028404	0.739592
254.537280	0.739700
255.216913	0.739592
255.608043	0.739700
256.131296	0.739484
256.535485	0.739700
256.769867	0.739592
257.173681	0.739592
257.200366	0.739700
257.591871	0.739700
257.762620	0.739592
257.788370	0.739592
258.218127	0.739700
258.609632	0.739700
258.377309	0.739700
258.819757	0.739700
259.668446	0.739592
259.746823	0.739592
259.785825	0.739700
259.838259	0.739700
260.360762	0.739592
260.451456	0.739592
260.569202	0.739484
262.131863	0.739592
260.911075	0.739700
261.534903	0.739592
261.967462	0.739484
262.698779	0.739592
262.591657	0.739592
262.577288	0.739592
262.919161	0.739592
262.853099	0.739484
263.100541	0.739592
263.518731	0.739378
263.443156	0.739592
263.545791	0.739592
263.976290	0.739378
264.108412	0.739378
264.577545	0.739378
264.511859	0.739484
264.511859	0.739484
264.771241	0.739271
265.516928	0.739484
265.568620	0.739484
265.451616	0.739378
266.001179	0.739378
266.458371	0.739378
266.771498	0.739484
266.771498	0.739271
267.109258	0.739378
266.952878	0.739271
267.501131	0.739378
267.475188	0.739378
268.258766	0.739378
268.440514	0.739271
268.938766	0.739378
269.041769	0.739271
269.760770	0.739271
270.269279	0.739271
270.333655	0.739271
270.437968	0.739165
270.646783	0.739271
272.054749	0.739165
272.124537	0.739271
272.490293	0.739271
273.089863	0.739057
272.711791	0.739271
273.597997	0.739165
273.950868	0.739271
273.793553	0.739057
274.527866	0.739057
275.073691	0.739057
275.530507	0.739165
276.064016	0.739165
274.516848	0.739165
276.834528	0.739165
275.478997	0.739165
275.990308	0.739165
276.080820	0.739057
278.886652	0.738949
279.096777	0.738949
279.198844	0.739057
280.206716	0.738949
280.883171	0.738844
281.536487	0.738949
282.044621	0.738949
282.502929	0.738736
283.260557	0.738949
284.197706	0.738949
281.549545	0.738628
284.278318	0.738844
284.095627	0.738844
284.708824	0.738736
285.479143	0.738844
285.846758	0.738628
286.445586	0.738844
287.306216	0.738736
287.555718	0.738628
287.959531	0.738628
288.912916	0.738736
288.651480	0.738736
289.287443	0.738628
287.984732	0.738628
286.814693	0.738736
289.015176	0.738736
289.681924	0.738736
289.983111	0.738736
290.478928	0.738628
291.171620	0.738628
292.099061	0.738628
293.052071	0.738415
293.430885	0.738520
293.991079	0.738520
294.277896	0.738415
294.462078	0.738415
294.828576	0.738520
295.403146	0.738520
296.080344	0.738520
296.745601	0.738520
296.770975	0.738520
297.073104	0.738415
297.542980	0.738520
298.231376	0.738415
295.427029	0.738415
295.350712	0.738415
295.427029	0.738415
295.336343	0.738415
295.544408	0.738415
295.389713	0.738415
295.388028	0.738415
295.324026	0.738520
295.166336	0.738415
295.598153	0.738520
296.092660	0.738520
296.290094	0.738307
296.980351	0.738415
297.048472	0.738307
297.124789	0.738415
297.711668	0.738307
298.103174	0.738415
298.220552	0.738520
298.575109	0.738415
299.538749	0.738415
299.198936	0.738307
299.658555	0.738415
300.389873	0.738415
300.297127	0.738307
300.619961	0.738199
298.337556	0.738415
298.168860	0.738307
298.168860	0.738415
298.181176	0.738415
298.378985	0.738415
298.286239	0.738415
298.286239	0.738307
298.286239	0.738199
298.207861	0.738307
298.273923	0.738094
298.298555	0.738199
298.298555	0.738307
298.378985	0.738307
298.273923	0.738094
298.520247	0.738307
297.842481	0.738307
298.312924	0.738307
299.447688	0.738307
299.212938	0.738415
298.887494	0.738199
299.555360	0.738307
300.258126	0.738415
301.901766	0.738415
301.837765	0.738415
302.175892	0.738199
302.751773	0.738307
302.542398	0.738307
303.207654	0.738307
303.313834	0.738199
303.821593	0.738199
304.097405	0.738094
305.088105	0.738094
305.062162	0.738094
305.298972	0.738199
305.595671	0.738094
305.441351	0.738094
306.471053	0.737986
306.864243	0.737986
307.190054	0.737986
307.529867	0.738094
307.398119	0.738094
307.975117	0.738094
308.156497	0.738094
308.628432	0.737986
308.978133	0.738094
309.241629	0.738094
309.280630	0.738094
309.839514	0.738094
310.064382	0.737986
310.597891	0.738094
310.700894	0.738094
311.812711	0.738094
311.928404	0.738094
312.568661	0.738094
312.962219	0.738094
313.314348	0.737986
314.410853	0.737986
313.953294	0.737770
314.737982	0.738094
315.284174	0.737878
314.932988	0.737878
315.936747	0.737878
315.506616	0.737986
315.976123	0.737986
316.771442	0.737665
317.255319	0.737770
317.490444	0.737770
318.118759	0.737770
318.210195	0.737878
318.769639	0.737878
319.122518	0.737878
320.584404	0.737770
320.741159	0.737557
320.518717	0.737770
321.327295	0.737770
320.571527	0.737770
321.930035	0.737665
321.810979	0.737770
322.516922	0.737770
323.169862	0.737665
323.274356	0.737770
323.796492	0.737665
324.202366	0.737557
324.439176	0.737557
324.791305	0.737665
325.102373	0.737665
325.858323	0.737449
325.729003	0.737449
326.251880	0.737665
326.787449	0.737665
327.335702	0.737665
327.846638	0.737449
327.723481	0.737557
327.816776	0.737770
325.156125	0.737770
327.021457	0.737665
326.237512	0.737665
326.173510	0.737557
326.148878	0.737665
326.095133	0.737557
326.029447	0.737665
325.963385	0.737665
326.146076	0.737665
325.834440	0.737665
325.339933	0.737449
326.447637	0.737557
326.590209	0.737557
327.348018	0.737665
326.342949	0.737449
326.658879	0.737665
327.595459	0.737449
328.392089	0.737449
328.627589	0.737449
328.732276	0.737449
328.678531	0.737557
328.825397	0.737557
329.292470	0.737449
329.607658	0.737557
329.739406	0.737449
329.986847	0.737557
330.024163	0.737449
330.285598	0.737449
330.285598	0.737665
330.508039	0.737343
330.639787	0.737557
330.782166	0.737557
331.095293	0.737449
331.146611	0.737557
331.290675	0.737665
331.525800	0.737557
331.669863	0.737449
331.772866	0.737449
331.981306	0.737236
332.151680	0.737449
332.073677	0.737449
332.271486	0.737343
332.778310	0.737343
332.961375	0.737557
333.274503	0.737449
333.130814	0.737449
333.381993	0.737557
333.707062	0.737449
333.954503	0.737449
334.411694	0.737236
334.240945	0.737449
334.228629	0.737343
334.475696	0.737236
334.463379	0.737343
334.724822	0.737236
334.778567	0.737343
334.803199	0.737343
335.076951	0.737343
335.143012	0.737343
335.246390	0.737343
335.493456	0.737449
335.456140	0.737236
335.559142	0.737449
335.532457	0.737236
335.756951	0.737236
334.463012	0.737343
334.318948	0.737236
334.083823	0.737343
335.246390	0.737343
335.025633	0.737449
334.987007	0.737236
334.151002	0.737343
335.639580	0.737343
336.537901	0.737343
336.826029	0.737343
337.257653	0.737236
337.753096	0.737449
338.066598	0.737449
338.523789	0.737343
339.643628	0.737343
338.615593	0.737343
339.320794	0.737236
340.000794	0.737128
340.390239	0.737343
341.382999	0.737343
341.591439	0.737343
342.491446	0.737236
342.701571	0.737343
343.014698	0.737236
343.799386	0.737236
343.758700	0.737236
344.634081	0.737020
344.920149	0.737128
345.272278	0.737020
345.560781	0.737020
345.456093	0.737128
345.849276	0.737128
346.018340	0.737128
346.228465	0.736914
346.644227	0.737020
346.708228	0.737020
347.192480	0.737128
347.884421	0.737128
347.899165	0.736914
348.080545	0.737128
348.548368	0.737128
349.085614	0.737020
349.229678	0.737128
349.359741	0.737020
350.651078	0.737020
351.316141	0.737020
351.240566	0.737020
351.343569	0.736914
351.357570	0.737020
352.324013	0.737020
352.467141	0.736807
353.302772	0.737020
352.130498	0.736807
353.484527	0.736914
354.229471	0.737020
354.308591	0.736914
354.672661	0.736807
354.985789	0.736914
354.880726	0.736699
355.494665	0.736914
355.744166	0.736914
357.071695	0.736914
356.502544	0.736807
356.643798	0.736914
355.773086	0.736807
357.077107	0.736807
358.238556	0.736807
358.656553	0.736699
359.543134	0.736807
360.286393	0.736807
360.560519	0.736593
359.881454	0.736807
361.759103	0.736807
359.411011	0.736699
359.008875	0.736593
358.982190	0.736807
359.644837	0.736807
358.876010	0.736807
359.034250	0.736807
359.321067	0.736807
359.804194	0.736807
360.377079	0.736699
361.724021	0.736593
362.062156	0.736593
361.604590	0.736807
361.590963	0.736807
362.481088	0.736699
362.767156	0.736593
362.779472	0.736699
363.849486	0.736593
364.137788	0.736593
364.088905	0.736699
365.357276	0.736593
366.461061	0.736380
366.774931	0.736593
368.744958	0.736593
368.175057	0.736380
367.000917	0.736380
368.943142	0.736380
370.496089	0.736380
370.730846	0.736485
370.771707	0.736380
371.343293	0.736380
370.481345	0.736380
370.327025	0.736485
370.248648	0.736380
370.195277	0.736593
370.234279	0.736380
370.143960	0.736485
371.618537	0.736380
372.049418	0.736485
373.145174	0.736380
373.654057	0.736485
376.240451	0.736380
373.253413	0.736380
374.867566	0.736380
375.666063	0.736380
376.019502	0.736164
377.205951	0.736164
377.927387	0.736485
378.550840	0.736380
377.654378	0.736272
377.777912	0.736272
378.747339	0.736272
380.757852	0.736272
381.579489	0.736380
381.985363	0.736058
383.212498	0.736272
383.553061	0.736272
383.930564	0.736164
384.935633	0.736058
384.804821	0.736164
385.353081	0.736164
385.368374	0.736164
387.471085	0.735949
388.342353	0.736058
388.120480	0.735949
388.955918	0.736058
388.748227	0.735843
389.518546	0.735949
389.399857	0.735949
391.241682	0.736058
391.842187	0.735949
392.755260	0.736058
393.344941	0.735949
393.772270	0.735949
394.139518	0.735843
393.904393	0.735949
394.361952	0.735949
393.590341	0.735949
393.514380	0.735949
395.077783	0.735949
396.829289	0.735949
395.942341	0.735949
396.699033	0.735949
396.514851	0.735949
398.018541	0.735735
398.082174	0.735949
398.982931	0.735843
398.970240	0.735843
400.523561	0.735843
400.146807	0.735735
400.276870	0.735735
401.071821	0.735522
401.318888	0.735629
403.956599	0.735843
401.411259	0.735629
403.109020	0.735522
401.986572	0.735629
402.260331	0.735735
402.417453	0.735522
403.671274	0.735735
403.930656	0.735522
404.584714	0.735629
404.715344	0.735629
405.393667	0.735629
406.099235	0.735522
408.201184	0.735629
407.441496	0.735414
409.061822	0.735522
408.121871	0.735629
409.949887	0.735522
410.471830	0.735629
411.974209	0.735522
412.416282	0.735522
414.165360	0.735522
416.840205	0.735522
412.654209	0.735522
415.735292	0.735414
417.235062	0.735308
418.813016	0.735200
419.896838	0.735414
421.085347	0.735308
421.569598	0.735308
422.625610	0.735093
422.717046	0.735093
423.487365	0.735093
424.101304	0.734985
425.458877	0.735308
426.008815	0.735093
426.360944	0.735200
426.683778	0.735200
425.694377	0.735093
429.780722	0.735093
429.678462	0.735200
430.693420	0.735093
428.346813	0.735093
428.384148	0.735093
428.161339	0.735093
428.291027	0.734879
428.658274	0.735093
428.659017	0.735093
429.663343	0.735093
429.912470	0.734879
430.340916	0.735093
430.551041	0.734985
430.668420	0.735093
431.230299	0.734985
431.192415	0.734985
431.281984	0.734985
431.231042	0.734985
431.465799	0.734985
431.648857	0.734985
431.544169	0.734985
432.013677	0.734879
432.248059	0.734985
432.052678	0.735093
432.287428	0.735093
432.289113	0.734879
432.380175	0.734985
432.458552	0.734985
432.756936	0.734985
432.953434	0.734771
433.151243	0.734879
433.332248	0.734879
433.555057	0.734771
434.231888	0.734879
434.271631	0.734879
434.665564	0.734771
435.066208	0.734879
435.343137	0.734879
435.577519	0.734879
436.191833	0.734879
437.210529	0.734771
437.797783	0.734879
437.563775	0.734879
438.137970	0.734879
438.345293	0.734879
438.737540	0.734664
439.141354	0.734664
439.193047	0.734771
439.598546	0.734664
439.533234	0.734664
440.370925	0.734771
441.229877	0.734558
441.100183	0.734771
441.308622	0.734771
441.687811	0.734558
441.792499	0.734558
441.740246	0.734771
442.731882	0.734558
443.189073	0.734558
443.033443	0.734664
444.297895	0.734664
444.259268	0.734664
445.799531	0.734664
446.400412	0.734664
446.843977	0.734664
446.937840	0.734664
447.419289	0.734664
448.318928	0.734450
448.804297	0.734558
449.611182	0.734558
450.931439	0.734558
