27.270000	0.706946
27.270000	0.706946
27.243359	0.706832
26.736342	0.706946
27.276659	0.706946
27.368330	0.706946
27.213486	0.706832
27.357497	0.707060
27.375462	0.706946
27.088547	0.706946
27.817954	0.706718
27.546618	0.706718
27.355941	0.706832
27.727937	0.706832
27.810555	0.706493
28.072409	0.706493
27.853231	0.706379
28.194632	0.706039
27.975130	0.706039
28.380157	0.705926
30.529332	0.705586
28.619297	0.705700
28.647002	0.705361
28.287025	0.705021
28.784990	0.705021
29.137624	0.704793
29.874975	0.704342
29.859533	0.704114
30.081320	0.703775
30.276371	0.703663
30.524799	0.703210
30.668393	0.703096
30.836714	0.702643
30.966078	0.702417
31.044081	0.702192
31.148724	0.702076
31.304686	0.701964
31.368268	0.701850
31.499641	0.701624
31.591968	0.701285
31.655550	0.701285
31.772554	0.700946
31.862873	0.701057
31.979877	0.700718
32.111161	0.700718
32.240526	0.700492
32.410856	0.700153
32.515499	0.699925
32.566765	0.699813
32.669400	0.699699
32.749412	0.699474
32.954490	0.699246
32.101036	0.698907
33.091875	0.699021
33.198239	0.698793
33.328213	0.698681
33.213777	0.698342
33.240408	0.698228
33.554190	0.698228
33.452907	0.698002
33.908274	0.697663
33.896568	0.697435
34.014130	0.697321
34.039505	0.696982
34.602597	0.696870
34.341434	0.696531
34.590883	0.696417
35.254979	0.695963
32.094538	0.696077
35.008601	0.695738
34.763909	0.695624
35.469938	0.695057
35.602803	0.694603
35.421325	0.694603
35.579984	0.694264
35.712988	0.694152
36.160559	0.693699
36.499629	0.693359
36.305880	0.693134
36.893692	0.692567
38.324799	0.692113
37.420779	0.691888
37.640322	0.691320
37.822969	0.690869
37.966614	0.690528
38.134935	0.690416
38.315661	0.690077
38.407988	0.689735
38.576354	0.689623
38.720043	0.689395
38.812370	0.689170
38.941690	0.688830
39.032009	0.688491
39.136653	0.688377
39.253656	0.687926
39.500069	0.687810
39.541079	0.687359
39.709444	0.687245
39.814044	0.687019
40.007086	0.686680
40.113738	0.686340
40.319096	0.685999
40.384643	0.685773
40.555112	0.685434
40.645431	0.685322
40.710934	0.685094
40.828077	0.684867
40.932809	0.684415
40.971671	0.684415
41.101131	0.684076
41.166773	0.684076
41.218039	0.683623
41.361779	0.683397
41.505468	0.683283
41.608008	0.683055
41.778522	0.682716
41.856480	0.682604
41.985749	0.682151
42.129489	0.681812
42.219808	0.681698
42.285494	0.681584
42.349077	0.681358
42.427175	0.681244
42.492861	0.680791
42.597505	0.680791
42.636411	0.680565
42.778091	0.680112
42.936244	0.680112
43.053344	0.679773
43.116742	0.679547
43.194789	0.679094
43.352898	0.678980
43.430901	0.678868
43.494483	0.678640
43.545896	0.678529
43.599222	0.678415
43.701946	0.678075
43.742911	0.677962
43.806589	0.677962
43.859959	0.677622
43.976919	0.677622
44.054966	0.677283
44.093967	0.677169
44.184382	0.676943
44.196646	0.676829
44.237612	0.676718
44.327975	0.676829
44.340335	0.676718
44.405978	0.676376
44.444979	0.676262
44.535393	0.676262
44.601124	0.675925
44.613396	0.675809
44.730444	0.675583
44.822771	0.675583
44.886353	0.675355
44.951996	0.675016
45.015629	0.674790
45.083324	0.674677
45.198459	0.674677
45.212689	0.674565
45.420195	0.674112
45.407791	0.673772
45.432328	0.673884
45.471329	0.673772
45.615018	0.673544
45.641563	0.673433
45.797429	0.673319
45.817852	0.672865
46.042102	0.672526
46.055770	0.672412
46.123044	0.672187
46.217457	0.671733
46.613580	0.671394
46.667637	0.671054
46.907056	0.670940
47.525655	0.670715
46.776041	0.670375
48.223085	0.670148
48.682939	0.669697
48.483648	0.669697
48.350731	0.669355
48.558054	0.668904
48.636013	0.668790
48.974524	0.668225
49.181796	0.667544
49.403487	0.667432
49.625230	0.666979
49.820097	0.666639
50.093150	0.666186
50.236700	0.665507
50.419390	0.665168
50.641038	0.664942
50.743673	0.664828
50.885397	0.664600
50.963260	0.664149
51.070052	0.664149
51.158266	0.663808
51.277279	0.663468
51.367598	0.663468
51.613826	0.662789
51.654792	0.662675
51.915625	0.662224
52.032489	0.661657
52.225487	0.661657
52.315710	0.661318
52.461408	0.660864
52.602948	0.660639
52.863641	0.660074
52.956064	0.659732
53.005278	0.659732
53.124290	0.659506
53.187828	0.659281
53.253470	0.659053
53.372623	0.658825
53.436205	0.658714
53.499839	0.658600
53.540848	0.658374
53.709170	0.658033
53.787077	0.657807
53.904132	0.657581
54.021085	0.657356
54.125684	0.656903
54.230416	0.656903
54.335060	0.656675
54.373921	0.656449
54.437599	0.656449
54.567059	0.656221
54.593604	0.655996
54.644966	0.655882
54.683923	0.655543
54.776295	0.655656
54.878930	0.655317
55.022619	0.655203
55.049260	0.654864
55.112842	0.654864
55.190940	0.654752
55.231854	0.654413
55.309952	0.654524
55.348814	0.654296
55.400176	0.654071
55.451398	0.654071
55.490495	0.653959
55.582726	0.653620
55.646360	0.653392
55.712142	0.653278
55.763408	0.653278
55.790049	0.653166
55.843375	0.652939
55.933834	0.653053
55.919413	0.652713
56.024057	0.652713
55.997232	0.652713
56.128605	0.652485
56.231284	0.652146
56.284706	0.652146
56.335928	0.651920
56.348148	0.651806
56.413886	0.651695
56.428255	0.651695
56.530978	0.651581
56.557575	0.651353
56.635717	0.651467
56.635622	0.651353
56.727949	0.651128
56.752442	0.650788
56.842849	0.650902
56.869534	0.650560
56.961957	0.650449
56.998994	0.650335
57.013179	0.650449
57.052180	0.650335
57.076717	0.650109
57.115718	0.650109
57.142404	0.650109
57.140255	0.649995
57.286048	0.649770
57.337366	0.649542
57.376367	0.649428
57.429737	0.649316
57.468739	0.649091
57.520056	0.648977
57.571374	0.648977
57.598059	0.648977
57.634956	0.648863
57.676061	0.648751
57.688282	0.648410
57.700598	0.648524
57.739600	0.648184
57.780470	0.648184
57.831831	0.648184
57.858472	0.647959
57.934466	0.647845
57.973468	0.647617
58.014573	0.647731
58.053574	0.647617
58.078155	0.647505
58.104892	0.647391
58.170622	0.647166
58.182983	0.647391
58.248765	0.647278
58.273397	0.647278
58.260985	0.647166
58.312398	0.647052
58.312347	0.646824
58.363664	0.646938
58.363664	0.646824
58.402666	0.646599
58.482868	0.646599
58.468352	0.646485
58.495089	0.646485
58.492985	0.646148
58.560775	0.646259
58.587460	0.646259
58.651234	0.646148
58.638778	0.646148
58.663454	0.646034
58.692243	0.645920
58.729236	0.645806
58.755877	0.645920
58.794827	0.645806
58.807143	0.645580
58.833880	0.645692
58.885285	0.645580
58.860609	0.645353
58.885241	0.645580
58.872881	0.645466
58.950972	0.645353
59.041430	0.645353
59.002245	0.645127
59.043395	0.645015
59.053607	0.645015
59.106977	0.644901
59.172759	0.644788
59.158295	0.644560
59.172619	0.644788
59.211760	0.644674
59.209612	0.644448
59.209612	0.644560
59.223937	0.644334
59.248613	0.644223
59.289763	0.644334
59.353397	0.644223
59.340941	0.644223
59.326616	0.644109
59.526284	0.643995
59.160206	0.643881
59.618514	0.643995
59.476973	0.643655
59.567851	0.643769
59.413147	0.643655
59.700942	0.643541
59.612673	0.643430
59.912689	0.643202
59.839628	0.642976
60.022919	0.642749
60.300641	0.642749
60.445159	0.642637
60.238532	0.642409
60.516482	0.641956
60.699354	0.642070
61.042012	0.641844
61.382618	0.641730
61.725180	0.641505
61.523000	0.641279
61.833700	0.641279
61.911283	0.640712
62.122623	0.640598
62.315665	0.640372
62.432529	0.640031
62.588535	0.639580
62.746504	0.639580
62.861544	0.639126
62.914774	0.639126
63.083235	0.639012
63.148878	0.638901
63.265837	0.638787
63.290418	0.638447
63.382790	0.638447
63.590113	0.637880
63.694756	0.637655
63.826129	0.637541
63.967765	0.637201
64.045628	0.636976
64.086778	0.636862
64.201773	0.636862
64.213994	0.636636
64.345462	0.636409
64.437929	0.636409
64.540608	0.636183
64.579514	0.636069
64.657517	0.635844
64.696474	0.635618
64.801161	0.635618
64.189780	0.635618
65.169796	0.635504
64.936023	0.635162
65.028307	0.635162
64.911712	0.635051
64.733780	0.634711
65.321732	0.634486
65.271015	0.634370
65.885285	0.634370
66.112283	0.633693
66.480315	0.633240
66.616776	0.632900
67.033926	0.632333
68.066709	0.631994
67.721452	0.631654
67.826654	0.631315
67.992776	0.631089
68.148781	0.630636
68.202012	0.630636
68.423894	0.630296
68.579944	0.630182
68.657902	0.629957
68.840688	0.629615
68.891910	0.629504
69.047864	0.629050
69.230605	0.628936
69.450428	0.628483
69.581757	0.628257
69.659664	0.628032
69.791088	0.627918
69.881451	0.627579
69.971674	0.627351
70.037412	0.627351
70.181145	0.627014
70.296140	0.626558
70.388512	0.626672
70.466514	0.626221
70.558798	0.626221
70.700383	0.625881
70.856527	0.625654
70.973443	0.625200
71.131501	0.625089
71.258857	0.624861
71.402502	0.624521
71.455872	0.624407
71.572876	0.624296
71.624149	0.623954
71.741241	0.623954
71.792375	0.623729
71.909518	0.623503
71.923843	0.623389
72.051243	0.623164
72.079893	0.623164
72.170211	0.622822
72.260618	0.622822
72.365262	0.622482
72.496730	0.622371
72.547952	0.622029
72.638271	0.621804
72.794372	0.621578
72.872279	0.621239
72.950326	0.621239
73.016012	0.621239
73.067285	0.620899
73.106287	0.620899
73.196650	0.620671
73.262336	0.620560
73.328022	0.620446
73.406076	0.620106
73.406025	0.620220
72.561062	0.619992
73.426641	0.619653
73.675479	0.619427
73.796724	0.619200
73.920901	0.618860
74.383304	0.618521
76.756875	0.618181
74.979275	0.617840
74.842063	0.617388
75.677736	0.617047
75.759132	0.616596
76.546106	0.616482
76.443094	0.616142
75.453511	0.615689
77.074805	0.615350
78.068458	0.614445
78.524253	0.613652
78.877273	0.613197
79.254970	0.612632
79.605982	0.612178
79.930308	0.611388
80.164264	0.611046
80.359367	0.611046
80.620059	0.610595
80.775925	0.610028
81.061390	0.609802
81.151613	0.609577
81.361084	0.609121
81.451307	0.608896
81.699780	0.608442
81.907146	0.608103
82.011834	0.607877
82.155435	0.607424
82.401847	0.607085
82.533132	0.606859
82.635715	0.606517
82.869863	0.606406
82.999043	0.606066
83.286377	0.605499
83.559526	0.605048
83.715487	0.604820
83.793534	0.604592
83.963864	0.604255
84.222592	0.603574
84.405194	0.603235
84.587884	0.603009
84.780926	0.602670
84.951301	0.602330
85.004583	0.602216
85.146167	0.601763
85.304277	0.601649
85.445957	0.601310
85.484863	0.601198
85.628603	0.600972
85.731282	0.600745
85.835970	0.600631
86.043293	0.600180
86.199298	0.599838
86.396357	0.599498
86.525677	0.598931
86.681683	0.598820
86.876829	0.598480
86.915690	0.598366
86.979368	0.598027
87.110697	0.597913
87.203164	0.597573
87.242026	0.597573
87.410531	0.597348
87.476173	0.596895
87.578852	0.597008
87.656759	0.596781
87.800500	0.596441
87.929864	0.596216
88.034507	0.595876
88.215233	0.595537
88.334246	0.595423
88.478030	0.595195
88.543717	0.594969
88.646300	0.594630
88.660581	0.594744
88.775620	0.594518
88.853623	0.594404
88.919265	0.594177
88.970627	0.594065
89.060946	0.593837
89.153413	0.593837
89.192414	0.593612
89.231371	0.593498
89.297058	0.593384
89.465467	0.593158
89.555786	0.592705
89.660430	0.592705
89.726116	0.592368
89.830804	0.592368
89.921122	0.592140
89.947808	0.591912
90.011441	0.591687
90.103813	0.591687
90.142814	0.591461
90.233228	0.591461
90.259818	0.591119
90.298915	0.591233
90.323496	0.591119
90.415963	0.591008
90.493921	0.590894
90.520606	0.590554
90.596505	0.590327
90.688876	0.590327
90.740194	0.590101
90.818196	0.589876
90.908515	0.589876
90.961885	0.589534
90.949481	0.589534
91.054308	0.589422
91.091206	0.589083
91.156804	0.589083
91.195849	0.589083
91.234806	0.588969
91.234755	0.588969
91.298389	0.588857
91.351854	0.588743
91.456542	0.588516
91.507860	0.588404
91.571537	0.588290
91.624908	0.587951
91.688541	0.588064
91.780964	0.587837
91.819914	0.587725
91.846555	0.587611
91.924653	0.587272
91.936918	0.587272
92.002656	0.587272
92.002560	0.587158
92.041606	0.587044
92.119704	0.586932
92.092923	0.586818
92.185390	0.586818
92.222383	0.586818
92.183242	0.586479
92.248928	0.586479
92.302350	0.586479
92.380353	0.586253
92.380353	0.586026
92.470760	0.586026
92.536542	0.585800
92.575543	0.585686
92.587763	0.585686
92.626816	0.585572
92.665722	0.585572
92.690398	0.585347
92.758233	0.585461
92.731452	0.585347
92.795182	0.585007
92.770410	0.585121
92.848508	0.585007
92.887458	0.584893
92.926555	0.584893
92.951091	0.584779
92.992197	0.584666
93.070199	0.584554
93.043419	0.584440
93.096745	0.584328
93.187247	0.584214
93.211924	0.584101
93.199520	0.584101
93.224100	0.584101
93.265250	0.584101
93.265206	0.583761
93.355664	0.583761
93.343253	0.583761
93.367929	0.583647
93.433616	0.583536
93.445888	0.583422
93.499214	0.583308
93.538259	0.583196
93.550531	0.582971
93.577260	0.583082
93.550436	0.582971
93.628482	0.582971
93.667535	0.582857
93.733405	0.582857
93.718941	0.582743
93.718897	0.582743
93.718801	0.582629
93.770258	0.582629
93.772267	0.582289
93.823629	0.582403
93.850270	0.582289
93.874946	0.582064
93.915912	0.582178
93.965265	0.582178
93.954913	0.582064
93.954818	0.581950
94.006231	0.581950
94.045276	0.581836
94.032916	0.581611
94.045136	0.581722
94.098602	0.581722
94.123235	0.581611
94.096498	0.581497
94.084042	0.581385
94.149824	0.581385
94.162140	0.581157
94.213458	0.581271
94.213458	0.581046
94.254468	0.581157
94.252503	0.581157
94.303821	0.580929
94.264680	0.581046
94.357191	0.580929
94.279005	0.580929
94.332331	0.580592
94.357103	0.580818
94.369367	0.580818
94.383648	0.580818
94.434966	0.580704
94.530086	0.580704
94.136572	0.580592
94.385550	0.580364
94.587590	0.580478
94.929733	0.580253
95.103510	0.579911
95.535597	0.579799
95.658003	0.579460
95.778645	0.579232
96.345647	0.578893
96.410765	0.579007
96.517974	0.578779
96.781879	0.578439
97.462061	0.578214
97.583534	0.577874
97.758707	0.577647
99.879188	0.577309
98.560391	0.576968
98.806715	0.576854
99.001810	0.576628
99.211141	0.576175
99.379506	0.576061
99.562109	0.575949
99.874163	0.575610
100.120443	0.575043
100.381136	0.574817
100.602827	0.574478
100.810055	0.574250
101.029738	0.573911
101.187707	0.573685
101.395214	0.573571
101.514226	0.573232
101.616861	0.573006
101.746086	0.572778
101.824133	0.572892
101.955557	0.572553
102.189469	0.572213
102.357835	0.571988
102.487155	0.571534
102.669845	0.571420
102.813585	0.571081
102.996320	0.570967
103.100963	0.570628
103.230328	0.570402
103.256969	0.570174
103.373972	0.570174
103.464291	0.570063
103.503337	0.569723
103.659437	0.569835
103.776390	0.569609
103.893350	0.569382
104.037134	0.569156
104.075996	0.568817
104.230037	0.568703
104.334724	0.568589
104.453832	0.568249
104.505098	0.568249
104.519379	0.568138
104.634374	0.567912
104.751518	0.567684
104.753387	0.567684
104.829381	0.567684
104.909532	0.567457
104.934069	0.567345
104.985386	0.567119
105.155856	0.567005
105.192753	0.566892
105.285124	0.566664
105.363127	0.566438
105.467815	0.566327
105.335185	0.566213
104.453274	0.565987
105.523888	0.565987
105.916084	0.565759
105.956437	0.565645
105.827020	0.565420
106.299888	0.565420
106.523535	0.565194
106.692974	0.565194
106.330160	0.564741
108.986761	0.564513
107.441635	0.564062
107.834450	0.563948
108.002492	0.563609
108.293318	0.563269
108.410547	0.563044
108.881731	0.562702
109.198263	0.562363
109.197328	0.562137
109.421254	0.562023
109.930086	0.561795
110.024560	0.561570
110.256333	0.561230
109.841259	0.561003
110.668997	0.560552
111.022199	0.560212
111.107073	0.559870
111.705945	0.559531
111.796168	0.559419
112.110327	0.559080
112.344335	0.558852
112.422242	0.558738
112.617300	0.558513
112.785570	0.558173
112.890257	0.558059
113.097580	0.557720
113.282374	0.557380
113.450696	0.557155
113.604736	0.556927
113.657967	0.556702
113.814024	0.556588
113.994750	0.556248
114.060392	0.556137
114.216441	0.556020
114.255259	0.555795
114.411404	0.555569
114.542776	0.555230
114.645455	0.555116
114.791249	0.555002
114.984246	0.554551
115.127891	0.554551
115.296257	0.553984
115.388489	0.553870
115.571275	0.553644
115.673954	0.553419
115.727324	0.553305
115.868960	0.553191
115.920182	0.552965
116.078336	0.552626
116.090512	0.552626
116.207612	0.552512
116.246517	0.552398
116.390302	0.552173
116.429163	0.551833
116.519570	0.551833
116.636574	0.551833
116.753578	0.551719
116.858222	0.551380
116.989690	0.551152
117.117046	0.551040
117.131327	0.550927
117.209234	0.550813
117.338737	0.550701
117.350914	0.550701
117.468058	0.550475
117.496707	0.550134
117.601395	0.549908
117.728750	0.549908
117.821078	0.549683
117.899125	0.549341
118.028401	0.549229
118.081771	0.549115
118.184406	0.548890
118.301593	0.548890
118.303558	0.548776
118.352771	0.548550
118.445238	0.548323
118.445143	0.548323
118.549926	0.548323
118.586779	0.548209
118.705931	0.547758
118.783934	0.547758
118.876261	0.547644
118.927483	0.547530
118.978896	0.547190
119.108304	0.547304
119.134901	0.546851
119.173851	0.546851
119.239633	0.546851
119.264266	0.546625
119.317592	0.546511
119.368909	0.546625
119.381174	0.546511
119.446912	0.546398
119.576320	0.546172
119.551599	0.545946
119.681059	0.546058
119.707649	0.545719
119.812432	0.545719
119.878118	0.545605
119.875970	0.545491
119.966473	0.545491
119.980753	0.545379
120.007439	0.545040
120.058800	0.545265
120.097801	0.545040
120.110118	0.545154
120.110022	0.545040
120.188025	0.544926
120.253711	0.544814
120.331853	0.544473
120.346134	0.544247
120.370671	0.544361
120.448813	0.544133
120.487675	0.544133
120.565773	0.544021
120.553361	0.544021
120.577994	0.543794
120.631503	0.543908
120.643636	0.543908
120.668356	0.543794
120.655996	0.543794
119.743298	0.543454
120.426327	0.543568
120.649082	0.543454
121.186327	0.543454
121.171862	0.543340
120.707671	0.543001
121.260164	0.542889
121.757614	0.542775
121.942914	0.542661
122.229303	0.542548
122.009845	0.542322
122.614741	0.541983
122.589173	0.541983
123.504803	0.541755
123.485057	0.541078
124.206903	0.540850
124.911624	0.540397
125.381411	0.539944
125.646582	0.539493
125.385416	0.539153
127.628271	0.538925
126.472687	0.538586
126.699553	0.538133
127.495761	0.537907
128.149400	0.537454
127.981025	0.537228
128.208418	0.536886
129.109926	0.536547
129.304190	0.535982
130.255751	0.535529
130.606624	0.535075
130.969995	0.534510
131.321007	0.534285
131.647482	0.533943
131.920447	0.533378
132.113349	0.533266
132.310364	0.532699
132.571153	0.532585
132.688157	0.532246
132.883163	0.532018
133.012483	0.532018
133.195174	0.531567
133.572871	0.531225
133.806878	0.530888
133.936198	0.530433
134.116785	0.530321
134.338572	0.530095
134.574632	0.529868
134.742910	0.529642
134.952285	0.529303
135.198609	0.528963
135.393660	0.528510
135.561981	0.528170
135.705626	0.527943
135.810358	0.528056
135.886212	0.527831
136.029997	0.527489
136.110008	0.527264
136.239328	0.527264
136.344016	0.527150
136.419914	0.526924
136.588375	0.526699
136.629385	0.526585
136.734029	0.526357
136.890034	0.526245
137.072864	0.526020
137.175403	0.525906
137.319092	0.525678
137.448368	0.525453
137.592057	0.525227
137.670104	0.525113
137.772783	0.524888
137.865154	0.524774
137.967789	0.524662
137.994475	0.524546
138.072433	0.524320
138.150436	0.524206
138.240659	0.523981
138.320766	0.523981
138.423445	0.523641
138.528132	0.523414
138.645180	0.523414
138.749824	0.523188
138.866828	0.523076
138.996192	0.522849
139.022833	0.522621
139.074151	0.522621
139.178838	0.522621
139.242516	0.522509
139.271166	0.522395
139.334844	0.522284
139.361624	0.522056
139.529894	0.521944
139.634633	0.521716
139.700320	0.521377
139.790638	0.521263
139.893362	0.521263
139.922011	0.521151
139.985645	0.521037
140.063692	0.520810
140.129334	0.520698
140.195020	0.520584
140.258698	0.520584
140.336745	0.520359
140.336605	0.520359
140.453844	0.520245
140.492802	0.520131
140.570944	0.520131
140.544068	0.519905
140.622166	0.520019
140.622070	0.519905
140.687757	0.519791
140.739170	0.519791
140.765811	0.519452
140.765715	0.519566
140.816937	0.519338
140.946536	0.519338
140.960817	0.519112
141.051180	0.519112
141.063401	0.519001
141.155868	0.518885
141.182553	0.518773
141.194869	0.518659
141.235879	0.518545
141.260460	0.518659
141.299513	0.518320
141.365199	0.518434
141.389876	0.518208
141.389876	0.518094
141.455562	0.518208
141.494563	0.518208
141.494468	0.518094
141.545925	0.518094
141.584926	0.517866
141.599251	0.517980
141.636244	0.517866
141.704034	0.517641
141.740931	0.517415
141.779933	0.517527
141.792249	0.517301
141.872356	0.517415
141.909253	0.517415
141.923717	0.517187
142.617291	0.517074
141.769572	0.516960
141.466342	0.517074
142.633238	0.516960
142.551121	0.516960
141.799831	0.516848
143.242301	0.516622
143.414856	0.516283
143.744306	0.516167
144.099139	0.515830
145.577068	0.515602
145.204084	0.515151
143.754700	0.514697
146.532709	0.514175
148.315743	0.513679
148.733578	0.513128
148.967211	0.512844
149.161475	0.512547
149.627805	0.512221
150.005502	0.511881
150.332256	0.511669
150.578206	0.511386
150.865958	0.511203
150.969904	0.510876
151.372600	0.510635
151.345173	0.510452
151.710928	0.510182
152.152626	0.509858
152.334949	0.509532
152.710961	0.509164
152.973339	0.508867
153.219663	0.508469
153.583358	0.508174
153.597360	0.508031
153.883053	0.507833
154.168753	0.507607
154.143378	0.507382
154.248066	0.507254
154.638821	0.507026
154.611761	0.506899
154.859770	0.506461
155.040408	0.506220
155.326101	0.506008
155.508791	0.505767
155.677112	0.505526
156.003866	0.505244
156.172188	0.505003
156.223131	0.504775
156.366820	0.504635
156.681632	0.504521
156.549510	0.504338
156.678830	0.504210
156.849579	0.504070
156.873836	0.503913
156.836520	0.503773
157.227276	0.503574
157.121846	0.503362
157.356221	0.503205
157.277851	0.503107
157.590604	0.502993
157.721976	0.502853
157.668231	0.502739
157.694916	0.502654
157.811920	0.502527
157.760235	0.502426
157.850554	0.502328
157.994243	0.502073
158.240935	0.501946
158.254936	0.501734
158.565636	0.501620
158.423257	0.501466
158.618631	0.501309
158.632633	0.501167
158.696267	0.501082
158.774269	0.500983
158.839956	0.500870
158.866641	0.500785
158.956959	0.500715
158.969276	0.500644
159.164650	0.500546
159.215967	0.500432
159.242652	0.500389
159.306286	0.500249
159.411348	0.500191
159.449975	0.500063
159.503345	0.499949
159.579295	0.499809
159.659350	0.499681
159.749669	0.499512
159.815356	0.499398
159.893358	0.499286
159.917991	0.499201
159.956992	0.499143
160.010362	0.499045
160.049363	0.498918
160.061680	0.498875
160.100681	0.498804
160.283746	0.498748
160.191000	0.498690
160.361749	0.498592
160.322372	0.498464
160.373690	0.498409
160.544439	0.498281
160.503010	0.498167
160.503010	0.498069
160.568696	0.497955
160.583065	0.497955
160.830139	0.497855
160.778447	0.497815
160.922511	0.497756
160.737018	0.497687
160.986144	0.497643
160.817073	0.497573
160.829389	0.497515
160.985769	0.497459
160.907392	0.497433
160.919708	0.497361
160.973078	0.497276
161.222205	0.497176
161.075713	0.497091
161.114715	0.496993
161.246462	0.496894
161.192717	0.496810
161.336781	0.496781
161.246087	0.496709
161.258404	0.496653
161.534215	0.496597
161.336406	0.496568
161.348722	0.496484
161.402093	0.496455
161.519471	0.496399
161.531788	0.496327
161.504728	0.496256
161.504728	0.496144
161.663160	0.496115
161.675477	0.496001
161.518729	0.495932
161.662786	0.495874
161.675102	0.495818
161.726419	0.495789
161.843798	0.495720
161.858167	0.495662
161.870483	0.495606
161.870483	0.495577
161.804422	0.495534
161.897168	0.495492
161.870108	0.495378
161.870108	0.495309
161.882424	0.495224
161.921426	0.495211
162.065490	0.495110
162.092175	0.495054
162.209553	0.494996
162.118860	0.494969
162.248555	0.494940
162.170177	0.494885
162.182493	0.494842
162.314241	0.494771
162.116432	0.494757
161.243304	0.494715
162.147412	0.494686
162.684272	0.494588
162.960265	0.494545
162.781495	0.494460
162.758354	0.494389
163.151151	0.494134
163.424910	0.494007
163.725528	0.493837
163.742506	0.493668
165.402951	0.493511
164.361114	0.493355
165.136826	0.493143
165.609136	0.493015
165.781927	0.492817
166.853239	0.492620
166.502969	0.492408
167.097676	0.491870
169.442029	0.491430
168.868209	0.490921
170.285294	0.490441
171.583516	0.489889
172.186257	0.489308
173.141133	0.488728
173.767388	0.488303
174.405584	0.488033
175.242340	0.487595
175.723414	0.487185
177.353814	0.486760
176.461829	0.486519
177.061218	0.486124
177.595669	0.485896
177.985307	0.485501
178.714016	0.484907
179.076594	0.484509
179.778992	0.484085
180.354123	0.483533
180.783138	0.483109
181.068088	0.482714
181.472845	0.482430
181.548420	0.482245
181.835798	0.481977
182.108807	0.481693
182.291497	0.481510
182.525505	0.481242
182.798514	0.480985
183.189277	0.480815
183.320275	0.480561
183.605225	0.480179
183.878234	0.479869
184.388054	0.479585
184.319190	0.479301
184.841325	0.479018
184.916526	0.478694
185.035582	0.478538
185.230589	0.478368
185.438286	0.478227
185.594292	0.478028
185.789298	0.477859
185.893986	0.477716
186.181739	0.477519
186.257314	0.477376
186.454748	0.477249
186.518007	0.477079
186.610378	0.476968
186.830017	0.476684
187.039392	0.476443
187.273400	0.476159
187.417089	0.475920
187.585411	0.475764
187.990542	0.475565
187.936422	0.475396
188.041110	0.475268
188.248807	0.475099
188.458558	0.475027
188.563245	0.474915
188.470124	0.474772
188.509126	0.474645
188.718876	0.474560
188.938515	0.474292
188.989457	0.474107
189.211524	0.473953
189.211149	0.473768
189.406155	0.473584
189.510843	0.473444
189.601162	0.473287
189.798596	0.473203
189.757167	0.473118
189.954601	0.472990
189.900856	0.472863
190.176668	0.472805
190.149608	0.472664
190.029801	0.472579
190.225183	0.472508
190.369247	0.472423
190.342187	0.472325
190.461618	0.472240
190.578622	0.472169
190.524877	0.472055
190.578247	0.471970
190.773628	0.471872
190.680882	0.471816
190.773254	0.471731
191.008011	0.471646
190.956319	0.471561
191.112699	0.471519
190.968260	0.471391
191.058579	0.471291
191.031519	0.471108
191.109522	0.471023
191.292587	0.470922
191.463336	0.470795
191.331213	0.470684
191.382531	0.470641
191.514278	0.470583
191.448217	0.470514
191.709660	0.470456
191.552905	0.470371
191.709285	0.470315
191.655540	0.470259
191.669909	0.470230
191.694541	0.470159
191.877606	0.470045
192.021295	0.469833
191.928549	0.469777
192.204360	0.469721
192.216677	0.469663
192.084554	0.469565
192.150240	0.469480
192.267619	0.469408
192.438368	0.469366
192.240559	0.469310
192.254928	0.469268
192.293929	0.469212
192.567688	0.469127
192.384248	0.469069
192.567313	0.468942
192.606315	0.468872
192.513568	0.468801
192.696634	0.468729
192.723319	0.468658
192.750004	0.468589
192.867383	0.468546
192.789005	0.468475
192.815690	0.468446
193.077133	0.468403
193.077133	0.468361
192.906009	0.468305
193.023388	0.468276
192.932694	0.468220
192.957326	0.468164
192.984012	0.468135
192.930266	0.468064
193.167077	0.467995
192.641964	0.467894
193.349949	0.467867
192.777439	0.467796
193.301434	0.467696
193.365435	0.467597
193.941122	0.467568
193.653369	0.467512
193.899318	0.467441
193.970417	0.467356
194.010535	0.467271
194.337838	0.467186
194.362471	0.467131
193.618094	0.467032
194.929568	0.466833
195.530998	0.466650
195.664238	0.466423
195.809419	0.466253
196.505462	0.466041
196.937085	0.465786
197.146268	0.465630
197.523771	0.465532
197.827760	0.465306
198.309951	0.465121
198.662830	0.465022
198.861381	0.464853
199.238885	0.464667
199.630390	0.464527
199.787512	0.464328
200.439142	0.464145
200.336882	0.464031
200.848936	0.463861
201.081826	0.463551
201.815185	0.463296
202.405616	0.462997
203.032989	0.462702
203.373551	0.462389
204.090868	0.462021
204.874071	0.461909
204.191654	0.461740
204.608353	0.461541
204.696236	0.461440
204.917928	0.461257
205.098566	0.461087
205.478697	0.460875
205.516949	0.460677
205.948766	0.460464
206.100283	0.460239
206.321975	0.460027
206.624104	0.459841
206.724304	0.459672
206.843361	0.459544
207.156121	0.459433
207.089685	0.459305
207.116002	0.459192
207.208374	0.459078
207.337694	0.458964
207.467014	0.458836
207.818393	0.458597
207.947713	0.458412
208.079086	0.458256
208.366846	0.458115
208.522851	0.457903
208.532733	0.457776
208.810229	0.457648
208.888232	0.457492
209.108238	0.457394
208.976116	0.457338
209.054119	0.457237
209.119805	0.457182
209.317246	0.457054
209.368564	0.456999
209.434250	0.456940
209.524569	0.456813
209.367814	0.456757
209.733944	0.456601
209.729457	0.456460
209.706510	0.456375
209.809145	0.456248
209.874831	0.456163
209.940517	0.456049
209.991835	0.455994
210.160524	0.455909
210.135524	0.455866
210.186841	0.455766
210.328845	0.455723
210.394532	0.455654
210.433533	0.455596
210.591973	0.455498
210.562853	0.455413
210.628539	0.455341
210.916667	0.455228
210.809177	0.455116
210.862547	0.455031
210.901549	0.454973
210.952866	0.454917
211.006236	0.454861
211.057554	0.454803
211.069870	0.454734
211.123240	0.454689
211.357998	0.454663
211.174558	0.454591
211.225875	0.454535
211.252560	0.454506
211.501687	0.454421
211.476687	0.454352
211.515688	0.454265
211.486568	0.454180
211.525569	0.454124
211.564571	0.454011
211.654889	0.453926
211.681575	0.453899
211.617573	0.453841
211.732892	0.453798
211.460451	0.453785
212.010196	0.453687
211.865757	0.453629
211.983136	0.453586
211.984253	0.453530
213.111170	0.453459
212.850477	0.453289
213.113037	0.453162
213.179840	0.453035
213.431201	0.452907
213.889510	0.452751
213.797506	0.452666
214.618025	0.452581
213.858905	0.452512
214.538530	0.452398
214.905778	0.452327
215.117202	0.452199
215.103943	0.452072
215.524193	0.451974
215.851871	0.451873
215.838245	0.451762
214.820484	0.451648
216.441734	0.451465
217.106616	0.451253
216.539893	0.451110
217.193401	0.450940
217.190599	0.450813
217.451667	0.450656
217.477977	0.450571
217.580612	0.450502
217.646298	0.450402
217.736617	0.450303
217.814620	0.450232
217.958309	0.450147
218.036311	0.450091
218.153315	0.449977
218.192317	0.449922
218.284688	0.449837
218.611817	0.449736
218.465326	0.449680
218.543328	0.449595
218.714077	0.449497
218.687017	0.449455
218.649701	0.449397
218.948460	0.449269
219.235645	0.449158
220.232874	0.449001
219.815426	0.448861
219.946238	0.448689
220.563729	0.448506
220.732793	0.448450
221.086039	0.448307
221.335908	0.448166
221.607800	0.448095
220.691183	0.447997
221.210883	0.447912
221.432950	0.447827
221.615640	0.447729
221.574211	0.447686
221.744585	0.447530
221.993337	0.447416
222.005278	0.447302
222.095597	0.447204
222.146914	0.447148
222.224917	0.447076
221.964792	0.446992
223.103843	0.446920
222.961646	0.446835
222.963138	0.446708
223.341010	0.446596
223.486565	0.446482
223.788494	0.446440
224.050679	0.446241
224.349438	0.446199
224.389556	0.446058
224.899182	0.445944
225.032790	0.445817
224.994163	0.445703
225.476354	0.445618
226.406405	0.445364
226.578646	0.445138
226.752004	0.444883
226.214008	0.444671
228.518985	0.444401
228.885289	0.444133
229.645159	0.443905
229.633218	0.443765
229.748536	0.443566
229.800789	0.443383
230.491421	0.443184
231.041733	0.443043
231.720423	0.442845
231.038931	0.442717
232.177240	0.442492
231.219955	0.442221
232.078351	0.441996
232.365361	0.441784
232.755374	0.441543
233.119070	0.441373
233.236074	0.441275
233.431080	0.441132
233.496024	0.440893
233.715663	0.440707
234.069102	0.440495
234.276425	0.440312
234.354053	0.440142
234.561375	0.439986
234.822443	0.439859
235.069135	0.439731
235.186139	0.439618
235.200140	0.439490
235.278143	0.439448
235.409515	0.439350
235.602837	0.439265
235.616838	0.439151
235.953848	0.438939
236.214916	0.438811
236.136171	0.438628
236.279860	0.438514
236.318487	0.438401
236.423174	0.438246
236.630872	0.438146
236.696183	0.438032
236.864880	0.437963
237.006883	0.437891
237.020885	0.437820
237.189574	0.437735
237.164574	0.437650
237.357895	0.437565
237.398949	0.437523
237.501584	0.437438
237.437583	0.437369
237.449524	0.437199
237.867340	0.437114
237.918282	0.436985
237.775904	0.436873
237.853906	0.436815
237.956541	0.436717
238.217976	0.436618
238.034544	0.436576
238.114599	0.436518
238.192602	0.436433
238.231603	0.436348
238.270604	0.436321
238.309606	0.436237
238.334238	0.436194
238.412241	0.436109
238.685992	0.436038
238.712677	0.435995
238.634307	0.435924
238.687677	0.435868
238.751311	0.435839
238.816997	0.435698
239.010319	0.435640
238.960686	0.435571
239.063321	0.435444
239.324757	0.435386
239.402759	0.435316
239.427392	0.435245
239.466393	0.435203
239.507447	0.435174
239.336330	0.435104
239.375332	0.435062
239.416386	0.435004
239.441018	0.434977
239.494388	0.434919
239.506705	0.434863
239.545706	0.434821
239.700026	0.434736
239.739027	0.434707
239.689395	0.434678
239.804714	0.434580
239.662335	0.434524
239.779714	0.434481
239.752654	0.434423
239.818340	0.434367
239.935719	0.434325
239.948035	0.434283
239.974720	0.434240
239.987036	0.434198
240.040407	0.434184
240.040407	0.434142
240.065039	0.434084
240.118409	0.434041
240.233728	0.434028
240.272729	0.433999
240.365476	0.433943
240.221044	0.433914
240.235413	0.433845
240.377417	0.433773
240.402049	0.433702
240.428734	0.433673
240.506737	0.433588
240.416051	0.433588
240.533422	0.433546
240.558054	0.433503
240.572423	0.433490
240.572423	0.433461
240.623741	0.433418
240.496106	0.433362
240.623741	0.433333
240.662742	0.433307
240.794490	0.433264
240.701743	0.433249
240.728429	0.433179
240.779746	0.433121
240.755114	0.433121
240.597624	0.433094
241.999042	0.432981
241.978136	0.432882
242.760578	0.432768
242.606807	0.432628
242.490920	0.432527
243.054292	0.432400
242.870484	0.432273
243.681664	0.432217
244.165722	0.432103
244.535204	0.431989
242.705696	0.431920
244.694561	0.431763
245.624237	0.431665
245.862539	0.431551
245.508350	0.431395
245.649986	0.431324
245.506490	0.431183
245.064043	0.431085
247.492553	0.430886
247.584364	0.430631
248.290856	0.430448
248.944171	0.430249
248.788359	0.430037
248.794147	0.429894
248.242910	0.429740
249.234920	0.429640
249.547306	0.429528
249.574741	0.429401
250.279741	0.429358
249.589284	0.429244
250.920921	0.429102
250.856545	0.429032
250.920546	0.428918
252.124174	0.428778
251.941484	0.428720
251.927483	0.428579
252.176976	0.428494
251.341346	0.428168
253.539219	0.428027
253.747659	0.427815
254.766161	0.427616
254.806655	0.427433
255.004638	0.427163
255.673072	0.426951
256.263503	0.426853
256.301936	0.426654
256.483316	0.426484
255.474520	0.426386
255.983965	0.426301
256.281231	0.426158
256.488179	0.426031
256.644184	0.425988
256.970939	0.425805
257.087943	0.425763
257.192255	0.425636
257.492324	0.425466
257.621270	0.425352
257.933655	0.425211
258.089285	0.425026
258.389354	0.424885
258.349611	0.424729
258.454298	0.424673
258.647620	0.424546
258.896371	0.424490
259.001059	0.424360
259.013000	0.424320
259.235067	0.424249
259.220323	0.424164
259.325011	0.424063
258.884623	0.423994
260.440736	0.423740
261.134169	0.423612
261.698283	0.423443
261.737466	0.423244
262.746830	0.423058
263.218197	0.422846
263.229945	0.422719
263.140376	0.422578
264.396806	0.422380
264.593304	0.422295
265.052355	0.422083
265.378916	0.421942
265.300172	0.421815
264.277000	0.421687
264.918567	0.421587
265.439210	0.421319
265.827538	0.421136
266.009861	0.420966
266.466302	0.420781
266.621933	0.420624
266.699568	0.420484
266.882258	0.420370
267.141266	0.420271
267.194269	0.420158
267.389643	0.420073
267.663026	0.419945
267.571965	0.419890
267.779656	0.419818
267.805973	0.419747
267.999294	0.419648
268.260362	0.419577
268.156985	0.419508
268.442678	0.419351
268.507997	0.419195
268.651686	0.419097
268.884008	0.418956
268.937011	0.418871
268.990381	0.418800
269.366767	0.418686
269.599090	0.418574
269.353709	0.418487
269.549083	0.418402
269.563084	0.418333
269.653403	0.418262
269.822092	0.418206
269.939096	0.418134
270.029415	0.418078
270.082417	0.417893
270.226106	0.417795
270.431744	0.417710
270.655863	0.417596
270.758498	0.417498
270.616119	0.417426
270.875127	0.417312
270.798810	0.417228
270.889129	0.417201
270.967131	0.417129
271.018449	0.417087
271.057450	0.417031
271.238455	0.416973
271.162138	0.416904
271.408829	0.416790
271.511464	0.416705
271.616152	0.416649
271.694154	0.416564
271.644522	0.416464
271.734841	0.416395
271.915846	0.416310
271.839529	0.416252
271.929847	0.416225
272.098536	0.416153
272.034535	0.416124
272.085853	0.416040
272.085853	0.416026
272.163855	0.415984
272.229542	0.415926
272.344860	0.415883
272.307544	0.415841
272.435179	0.415827
271.769923	0.415743
274.816666	0.415629
274.348083	0.415501
273.891266	0.415403
275.748758	0.415262
275.976411	0.415064
277.192904	0.414963
277.433441	0.414822
277.305238	0.414682
277.670607	0.414568
278.053715	0.414398
278.474515	0.414257
278.539633	0.414130
278.738934	0.413958
279.300620	0.413804
279.078179	0.413677
277.757373	0.413550
278.759840	0.413351
279.513548	0.413194
280.962750	0.413025
280.517126	0.412799
280.580952	0.412600
281.181090	0.412487
281.569418	0.412359
281.727109	0.412232
281.621671	0.412147
281.909424	0.412049
281.945998	0.411964
282.326497	0.411850
282.338438	0.411794
282.482127	0.411680
282.860199	0.411497
282.962459	0.411354
283.052403	0.411214
283.196092	0.411086
283.469476	0.411001
283.639850	0.410888
283.886549	0.410760
283.925176	0.410649
284.029863	0.410564
284.328247	0.410506
284.263871	0.410434
284.249127	0.410392
284.339446	0.410323
284.510195	0.410251
284.497504	0.410153
284.731887	0.410110
284.863634	0.410052
284.965894	0.409912
285.200277	0.409813
285.199902	0.409742
285.421969	0.409644
285.629659	0.409543
285.643660	0.409474
285.536170	0.409374
285.601857	0.409318
285.655227	0.409275
285.955671	0.409204
285.928611	0.409132
285.862550	0.409106
286.045615	0.409034
286.096932	0.408992
286.030871	0.408936
286.345684	0.408893
286.174560	0.408851
286.345309	0.408793
286.330565	0.408724
286.396252	0.408639
286.513255	0.408554
286.774698	0.408469
286.865017	0.408411
286.984073	0.408355
287.008706	0.408313
286.837582	0.408270
286.996015	0.408228
287.152395	0.408172
287.074017	0.408143
287.230397	0.408087
287.176652	0.408043
287.230023	0.408029
287.281340	0.407973
287.413088	0.407944
287.359343	0.407888
287.449661	0.407830
287.397969	0.407761
287.581034	0.407676
287.527289	0.407618
287.578607	0.407549
287.631977	0.407507
287.697663	0.407448
287.697663	0.407406
287.761297	0.407393
287.919730	0.407337
287.723981	0.407279
287.958731	0.407236
288.022365	0.407207
287.828669	0.407181
287.055547	0.407151
288.087676	0.407109
288.663364	0.407080
288.872921	0.406982
288.820293	0.406883
289.344663	0.406825
289.789345	0.406741
290.238140	0.406656
290.563390	0.406515
291.560438	0.406459
291.481125	0.406401
291.416556	0.406289
291.431674	0.406205
292.202361	0.406133
290.124669	0.406091
292.410801	0.406006
293.289534	0.405780
293.277025	0.405637
294.257276	0.405510
294.353942	0.405298
294.758880	0.405157
295.295934	0.405014
295.725872	0.404874
295.283424	0.404688
295.766365	0.404606
297.333121	0.404476
297.596423	0.404335
297.674800	0.404251
296.302677	0.404137
296.548626	0.404067
296.744943	0.404009
297.083638	0.403898
297.474026	0.403797
297.630031	0.403728
297.942409	0.403641
298.020044	0.403558
298.488427	0.403360
298.553746	0.403246
298.890756	0.403147
298.865382	0.402991
299.126449	0.402906
299.228710	0.402765
299.504146	0.402665
299.477086	0.402623
299.699153	0.402553
299.789472	0.402468
300.141226	0.402397
300.180227	0.402312
300.115851	0.402254
300.062106	0.402212
300.179110	0.402127
300.477494	0.402058
300.452494	0.402015
300.452119	0.401930
299.629740	0.401872
302.188506	0.401845
300.072930	0.401745
301.705746	0.401676
302.543244	0.401604
303.931978	0.401435
303.973956	0.401294
304.837946	0.401108
304.970250	0.400939
305.664801	0.400811
306.305232	0.400586
307.118846	0.400501
308.402143	0.400345
308.667312	0.400175
307.884677	0.400117
307.373740	0.399947
307.412367	0.399807
307.634433	0.399722
307.841756	0.399608
308.024446	0.399509
308.465402	0.399284
308.777412	0.399099
309.013105	0.398958
309.428118	0.398802
309.845191	0.398661
310.013138	0.398518
310.144143	0.398364
310.314517	0.398263
310.690904	0.398165
310.626528	0.398067
310.743532	0.398009
310.911853	0.397911
311.224606	0.397868
311.184862	0.397768
311.680305	0.397598
311.667247	0.397486
311.952939	0.397386
312.292010	0.397245
312.355269	0.397131
312.655338	0.397019
312.551960	0.396935
312.745282	0.396877
312.759283	0.396807
312.902972	0.396736
312.968658	0.396680
313.306043	0.396593
313.214982	0.396524
313.200239	0.396452
313.512991	0.396396
313.475675	0.396325
313.580363	0.396240
313.825002	0.396169
314.073753	0.396070
313.970376	0.395999
314.346762	0.395872
314.243385	0.395773
314.411706	0.395702
314.438392	0.395659
314.683030	0.395617
314.672399	0.395548
314.738086	0.395463
314.892406	0.395447
315.087787	0.395376
315.048411	0.395320
315.360421	0.395222
315.714042	0.395121
317.295541	0.395036
317.846971	0.394909
317.927583	0.394739
319.155643	0.394655
319.718821	0.394514
318.117726	0.394358
321.068179	0.394259
321.370857	0.394145
322.380963	0.394047
322.496089	0.393920
321.665313	0.393806
322.618504	0.393721
322.973435	0.393594
322.400357	0.393466
324.360484	0.393310
326.886035	0.393156
326.521765	0.393027
326.720873	0.392830
325.702177	0.392745
327.832303	0.392560
328.175842	0.392377
328.867966	0.392207
328.806941	0.392022
329.556180	0.391894
330.668728	0.391571
329.387472	0.391329
329.596848	0.391104
329.608047	0.390876
330.037061	0.390664
330.585507	0.390452
330.936518	0.390311
331.417225	0.390155
331.782606	0.390014
331.845864	0.389913
332.316308	0.389786
332.511314	0.389688
332.718262	0.389561
333.003587	0.389418
333.186278	0.389333
333.615292	0.389121
333.927302	0.388951
334.317315	0.388781
334.629326	0.388641
335.034082	0.388457
335.123652	0.388328
335.516467	0.388187
335.684788	0.388131
335.630668	0.388018
336.074801	0.387919
336.179114	0.387805
336.401181	0.387734
336.491125	0.387636
336.566700	0.387537
336.947199	0.387437
337.010458	0.387325
337.193148	0.387254
337.415214	0.387196
337.505158	0.387097
337.609846	0.387042
337.778167	0.386957
338.051551	0.386843
337.972799	0.386800
338.363187	0.386631
338.558193	0.386490
338.884948	0.386390
338.948206	0.386291
339.064836	0.386177
339.220841	0.386063
339.391215	0.386008
339.559911	0.385936
339.847664	0.385851
339.610479	0.385795
339.859230	0.385724
339.922864	0.385682
340.198301	0.385583
340.432683	0.385554
340.498370	0.385469
340.575998	0.385342
340.810005	0.385244
340.966011	0.385101
340.977952	0.385032
341.251336	0.384947
341.382709	0.384846
341.485344	0.384791
341.551030	0.384735
341.785038	0.384634
341.809295	0.384536
341.913983	0.384464
342.030987	0.384353
342.186992	0.384281
342.357741	0.384197
342.460376	0.384167
342.565064	0.384112
342.735813	0.384056
342.642692	0.383998
342.799072	0.383942
342.811013	0.383886
342.850014	0.383857
343.033079	0.383799
343.294147	0.383714
343.411151	0.383616
343.058273	0.383544
343.944285	0.383446
345.840597	0.383375
346.167533	0.383290
346.364399	0.383205
346.705336	0.383149
347.504200	0.383051
347.974825	0.382993
347.947571	0.382908
349.152691	0.382810
350.278491	0.382640
350.854353	0.382526
351.225520	0.382356
352.717631	0.382131
353.582363	0.381988
354.329723	0.381776
354.516140	0.381635
354.936565	0.381494
355.302502	0.381380
355.815673	0.381238
356.444162	0.381068
357.123227	0.380983
357.362272	0.380813
355.259755	0.380659
357.285193	0.380362
356.659680	0.380192
357.234251	0.380020
357.522003	0.379837
357.860699	0.379697
357.935899	0.379484
358.286911	0.379357
358.770045	0.379272
358.715925	0.379187
359.015619	0.379087
359.237311	0.378975
359.393316	0.378888
359.654009	0.378777
359.849016	0.378692
360.317031	0.378493
360.590040	0.378379
360.863049	0.378252
361.294866	0.378111
361.475129	0.378013
361.694393	0.377856
361.930453	0.377756
361.930086	0.377687
362.215779	0.377615
362.581909	0.377517
362.566790	0.377432
362.776541	0.377374
362.815167	0.377305
362.944487	0.377233
363.100492	0.377135
363.283183	0.377064
363.346816	0.376992
363.517190	0.376936
363.607509	0.376865
363.726198	0.376780
363.972890	0.376709
364.114526	0.376624
364.258215	0.376568
364.233215	0.376512
364.504539	0.376441
364.596911	0.376369
364.635544	0.376327
364.857604	0.376228
365.184733	0.376199
365.181930	0.376059
365.403622	0.375961
365.481257	0.375876
365.727948	0.375791
365.910639	0.375704
366.250084	0.375634
366.262025	0.375563
366.222649	0.375507
366.351969	0.375478
366.588404	0.375407
366.585977	0.375351
366.651663	0.375322
366.966476	0.375253
366.963674	0.375125
367.329804	0.375040
367.263368	0.374982
367.431689	0.374884
367.653756	0.374799
367.704698	0.374743
367.821702	0.374672
367.938706	0.374630
368.004393	0.374600
368.175142	0.374516
368.292146	0.374487
368.277402	0.374460
368.330772	0.374388
368.408775	0.374359
368.486777	0.374333
368.643157	0.374261
368.721160	0.374261
368.916541	0.374190
369.033545	0.374120
368.837421	0.374020
369.189175	0.373964
369.137483	0.373922
369.371866	0.373850
369.476553	0.373794
369.579188	0.373752
369.513127	0.373696
369.801255	0.373654
369.905943	0.373625
369.734819	0.373569
369.996261	0.373569
369.878508	0.373511
369.981143	0.373441
370.322641	0.373383
370.322266	0.373341
370.385899	0.373285
370.556648	0.373229
370.622335	0.373185
370.788971	0.373158
370.658909	0.373142
370.712279	0.373057
370.856343	0.373044
370.934345	0.373015
370.880600	0.372972
370.919601	0.372930
370.970919	0.372888
371.036605	0.372888
371.036231	0.372832
371.231612	0.372747
371.074864	0.372691
371.270238	0.372649
371.245238	0.372577
371.349926	0.372506
371.635994	0.372492
371.582249	0.372463
371.505931	0.372378
371.569565	0.372394
371.843316	0.372352
371.789571	0.372323
371.713254	0.372280
371.867574	0.372251
371.999322	0.372224
372.104009	0.372153
372.272706	0.372140
372.128267	0.372097
372.206270	0.372055
372.362650	0.371997
372.428336	0.371941
372.454646	0.371898
372.376276	0.371869
372.505964	0.371827
372.571650	0.371813
372.583966	0.371798
372.740346	0.371771
372.649653	0.371713
372.806033	0.371700
372.962413	0.371657
372.884035	0.371644
372.780658	0.371559
373.145103	0.371559
372.883293	0.371501
372.948979	0.371474
373.000297	0.371445
373.078300	0.371374
373.092668	0.371360
373.352051	0.371318
373.170671	0.371262
373.312675	0.371275
373.351676	0.371246
373.402994	0.371219
373.534741	0.371177
373.561426	0.371161
373.480996	0.371119
373.519998	0.371119
373.470365	0.371063
373.598000	0.371021
373.676003	0.371005
373.820067	0.370949
373.677688	0.370907
373.951439	0.370864
373.924379	0.370835
373.910011	0.370822
373.949012	0.370809
374.002382	0.370793
374.027014	0.370766
374.041383	0.370737
374.066016	0.370724
374.092701	0.370666
374.131702	0.370666
374.380829	0.370652
374.197389	0.370596
374.458831	0.370567
374.314392	0.370525
374.470772	0.370482
374.417027	0.370453
374.470398	0.370440
374.509399	0.370369
374.548400	0.370326
374.704780	0.370326
374.824212	0.370326
374.626403	0.370257
374.677720	0.370241
374.782783	0.370241
374.716722	0.370228
374.860785	0.370199
374.691722	0.370156
374.848094	0.370101
374.872727	0.370072
374.950729	0.370058
374.926097	0.370029
374.989731	0.370016
374.989731	0.370016
375.043101	0.369987
375.187165	0.369931
375.211797	0.369931
375.133420	0.369917
375.160105	0.369873
375.145736	0.369859
375.199106	0.369830
375.223739	0.369817
375.460549	0.369817
375.382171	0.369804
375.406804	0.369775
375.526235	0.369732
375.565236	0.369746
375.379744	0.369676
375.616554	0.369661
375.550493	0.369634
375.457746	0.369591
375.523433	0.369576
375.745874	0.369576
375.760243	0.369549
375.694182	0.369533
375.589119	0.369520
375.928932	0.369491
375.720867	0.369449
375.838246	0.369464
375.864931	0.369435
375.980249	0.369406
375.706123	0.369422
375.837871	0.369379
375.745124	0.369350
375.889188	0.369337
375.915873	0.369308
375.954875	0.369265
375.979507	0.369223
376.111255	0.369210
376.150256	0.369194
375.940131	0.369194
376.084195	0.369152
376.318945	0.369152
376.149881	0.369138
376.149881	0.369109
376.174513	0.369109
376.267260	0.369082
376.227884	0.369082
376.213515	0.369040
376.240200	0.369040
376.266885	0.369011
376.305886	0.368997
376.538584	0.368968
376.369520	0.368955
376.369520	0.368926
376.396205	0.368897
376.408521	0.368897
376.408521	0.368884
376.552585	0.368870
376.682273	0.368854
376.461891	0.368828
376.591586	0.368841
376.618272	0.368812
376.525525	0.368799
376.447148	0.368799
376.669589	0.368799
376.564526	0.368770
376.578895	0.368756
376.591212	0.368727
376.735275	0.368714
376.695899	0.368685
376.695899	0.368642
376.813278	0.368629
376.747217	0.368600
376.866648	0.368613
376.878964	0.368587
376.917966	0.368571
376.720157	0.368557
376.930282	0.368557
376.734526	0.368515
376.956967	0.368486
376.785843	0.368486
376.917591	0.368459
376.837161	0.368430
376.956592	0.368401
376.995593	0.368388
377.007910	0.368374
377.139657	0.368359
377.125288	0.368316
377.254976	0.368345
377.178659	0.368316
376.993166	0.368303
377.320662	0.368289
377.242292	0.368231
377.163915	0.368247
377.163915	0.368205
377.398665	0.368205
377.437666	0.368176
377.215232	0.368162
377.229601	0.368162
377.334664	0.368120
377.268603	0.368133
377.346980	0.368104
377.501300	0.368120
377.501300	0.368104
377.319920	0.368104
377.527985	0.368062
377.332236	0.368048
377.346605	0.368062
377.476300	0.368035
377.371238	0.368006
377.410239	0.367992
377.410239	0.367950
377.515301	0.367950
377.463609	0.367950
377.488241	0.367934
377.463609	0.367921
377.502610	0.367892
377.514927	0.367865
377.553928	0.367850
377.527243	0.367836
377.671307	0.367836
377.566244	0.367807
377.553928	0.367823
377.685676	0.367794
377.697992	0.367765
377.697992	0.367751
377.852312	0.367751
377.866681	0.367738
377.790363	0.367709
377.685301	0.367695
377.709933	0.367695
377.709933	0.367695
377.736618	0.367666
377.709933	0.367666
377.617187	0.367637
377.761251	0.367653
377.748934	0.367624
377.761251	0.367608
377.892998	0.367595
377.919683	0.367568
377.826937	0.367568
377.814621	0.367526
377.985370	0.367539
377.880307	0.367526
377.880307	0.367510
378.113005	0.367468
378.010002	0.367454
378.127374	0.367425
379.132818	0.367454
379.040446	0.367439
378.871757	0.367425
379.784822	0.367383
379.538131	0.367340
380.335877	0.367327
380.284935	0.367285
381.146690	0.367269
381.069062	0.367226
381.747752	0.367171
381.513369	0.367128
381.775554	0.367099
381.839930	0.367072
381.933052	0.367043
382.024113	0.367030
382.092601	0.366988
381.829106	0.366988
382.211097	0.366903
382.679287	0.366887
382.315217	0.366831
382.513401	0.366789
382.890904	0.366746
382.994282	0.366704
384.092847	0.366662
383.765718	0.366619
383.555968	0.366590
383.570712	0.366534
383.844838	0.366548
384.003645	0.366505
384.238770	0.366492
384.160768	0.366463
385.010207	0.366378
385.074583	0.366351
385.507892	0.366293
385.310457	0.366222
383.886823	0.366208
384.057572	0.366152
384.110942	0.366137
383.705068	0.366110
386.239209	0.366081
386.249840	0.366052
386.746775	0.365983
387.688961	0.365940
388.286846	0.365898
385.000875	0.365882
385.744509	0.365826
385.664071	0.365813
385.898829	0.365770
385.861512	0.365741
385.849196	0.365712
385.781075	0.365686
386.042518	0.365670
385.871394	0.365657
386.120520	0.365614
385.898079	0.365572
385.949396	0.365558
385.976081	0.365558
386.237524	0.365529
386.093085	0.365500
386.304896	0.365458
386.329528	0.365431
386.382898	0.365415
386.549534	0.365389
386.485533	0.365331
386.759285	0.365304
386.590221	0.365288
386.655907	0.365232
386.680540	0.365246
386.746226	0.365232
386.758542	0.365219
386.914915	0.365203
386.927231	0.365176
386.966233	0.365105
387.175983	0.365089
387.122238	0.365034
387.187924	0.365034
387.136239	0.365004
387.162924	0.364978
387.304928	0.364962
387.368562	0.364920
387.279928	0.364920
387.460933	0.364864
387.446564	0.364877
387.409248	0.364864
387.328811	0.364864
387.683000	0.364835
387.616939	0.364808
387.513936	0.364808
387.579622	0.364750
387.733942	0.364723
387.657625	0.364723
387.708942	0.364665
387.735628	0.364638
387.774629	0.364609
388.046328	0.364623
387.941265	0.364609
387.891633	0.364580
388.019268	0.364567
388.058269	0.364524
387.969635	0.364524
387.901514	0.364511
388.059954	0.364469
388.086639	0.364453
388.111272	0.364439
388.228643	0.364410
388.840529	0.364384
389.273463	0.364341
389.547590	0.364326
389.716653	0.364299
389.704337	0.364270
389.650967	0.364256
389.545904	0.364214
389.717028	0.364185
389.809775	0.364171
390.083901	0.364171
390.355967	0.364142
390.411772	0.364127
390.698215	0.364084
390.749900	0.364058
391.024401	0.364000
391.337903	0.363986
391.599713	0.363973
391.873840	0.363930
391.690775	0.363930
391.964901	0.363901
392.004277	0.363859
392.290720	0.363830
392.369090	0.363816
392.359208	0.363774
392.474902	0.363718
392.330838	0.363689
392.788397	0.363618
392.619708	0.363604
392.998897	0.363575
392.908578	0.363519
393.312399	0.363477
393.376401	0.363490
393.627954	0.363435
393.978398	0.363435
394.318586	0.363392
394.164266	0.363350
394.409647	0.363336
394.436707	0.363265
394.737893	0.363265
394.867956	0.363193
394.907332	0.363151
395.235203	0.363108
395.365266	0.363066
395.573705	0.363010
395.860148	0.362997
395.977894	0.362954
396.423144	0.362925
396.645953	0.362883
396.790392	0.362854
395.418075	0.362854
394.412631	0.362825
394.466001	0.362769
394.713068	0.362740
394.791070	0.362727
394.815703	0.362671
395.013137	0.362655
394.829704	0.362628
394.883074	0.362586
395.154773	0.362570
395.076395	0.362528
395.115397	0.362514
395.286146	0.362501
395.298462	0.362459
395.129398	0.362459
395.298087	0.362443
395.285403	0.362401
395.427407	0.362387
395.390091	0.362316
395.468094	0.362302
395.494779	0.362273
395.546096	0.362246
395.700416	0.362188
395.663100	0.362188
395.702101	0.362188
395.741103	0.362162
395.662725	0.362133
395.806789	0.362146
395.701727	0.362119
395.753044	0.362077
395.818730	0.362061
395.792045	0.362061
395.962794	0.362034
396.090429	0.362034
396.026428	0.361992
395.974736	0.361949
395.687358	0.361934
395.453350	0.361891
397.831485	0.361865
397.072540	0.361822
398.223165	0.361793
398.434407	0.361735
398.528271	0.361708
399.206586	0.361708
399.337398	0.361666
399.469888	0.361637
400.501082	0.361594
400.475514	0.361581
400.593635	0.361552
401.276437	0.361480
400.139246	0.361454
401.119122	0.361382
399.942929	0.361340
402.191744	0.361284
403.174048	0.361213
404.116040	0.361114
404.886541	0.361043
405.972222	0.360945
405.946279	0.360873
405.073332	0.360817
405.075760	0.360788
405.140136	0.360717
404.749006	0.360674
404.697688	0.360648
404.644318	0.360560
404.593001	0.360449
404.527314	0.360420
404.475622	0.360348
404.749381	0.360263
404.763750	0.360221
404.722321	0.360136
404.800323	0.360094
404.983389	0.360067
404.931696	0.359995
404.983014	0.360009
404.943638	0.359953
405.007271	0.359897
405.256398	0.359868
405.309768	0.359839
405.348769	0.359812
405.165329	0.359797
405.515405	0.359741
405.492458	0.359685
405.345967	0.359656
405.399337	0.359627
405.411653	0.359600
405.633720	0.359529
405.685037	0.359486
405.645661	0.359457
405.828726	0.359401
406.102478	0.359372
405.972415	0.359303
406.036049	0.359245
406.062734	0.359245
406.128420	0.359189
406.284800	0.359203
406.218739	0.359147
406.245424	0.359118
406.179363	0.359104
406.362428	0.359075
406.296367	0.359062
406.347684	0.359033
406.374369	0.359004
406.530749	0.358961
406.701498	0.358935
406.767185	0.358892
406.725756	0.358863
406.713065	0.358821
406.896130	0.358778
406.815700	0.358723
406.893703	0.358723
407.118197	0.358693
407.076768	0.358680
407.076768	0.358651
407.142454	0.358622
407.259833	0.358580
407.220457	0.358580
407.352204	0.358553
407.376837	0.358524
407.337461	0.358510
407.351829	0.358481
407.508210	0.358468
407.427779	0.358425
407.481150	0.358410
407.598528	0.358396
407.754901	0.358354
407.493091	0.358325
407.768902	0.358298
407.820220	0.358256
407.766475	0.358240
407.859221	0.358184
407.819845	0.358184
407.858846	0.358155
407.883479	0.358113
407.961481	0.358113
407.975850	0.358070
408.119914	0.358028
408.053853	0.358041
408.171232	0.358028
408.210233	0.357972
408.131855	0.357972
408.144172	0.357930
408.170857	0.357930
408.183173	0.357901
408.353922	0.357858
408.261176	0.357829
408.444241	0.357829
408.444241	0.357816
408.351494	0.357773
408.612930	0.357773
408.404865	0.357744
408.573561	0.357689
408.495183	0.357689
408.521868	0.357675
408.756619	0.357675
408.678249	0.357646
408.795620	0.357646
408.692617	0.357617
408.834621	0.357604
408.795252	0.357561
408.716875	0.357561
408.755876	0.357548
409.002943	0.357463
408.833879	0.357447
409.173692	0.357421
409.004628	0.357405
408.938567	0.357362
408.963199	0.357336
409.210265	0.357349
409.041202	0.357307
409.028885	0.357293
409.080203	0.357293
409.314953	0.357278
409.119204	0.357235
409.341638	0.357251
409.263268	0.357208
409.289953	0.357208
409.341271	0.357150
409.275209	0.357137
409.314211	0.357124
409.328580	0.357079
409.392213	0.357095
409.313836	0.357079
409.431215	0.357065
409.653649	0.357052
409.484585	0.357052
409.678281	0.357052
409.601964	0.357010
409.535902	0.357010
409.550271	0.357010
409.589272	0.356967
409.809654	0.356938
409.718967	0.356938
409.652906	0.356909
409.796970	0.356896
409.938974	0.356882
409.862656	0.356853
409.784279	0.356797
410.031345	0.356811
409.847913	0.356797
410.031345	0.356755
410.070347	0.356768
410.006345	0.356768
409.991977	0.356726
410.133980	0.356739
410.133980	0.356697
410.057663	0.356697
409.979285	0.356697
409.991602	0.356670
410.123349	0.356628
410.147982	0.356628
410.174667	0.356599
410.213668	0.356585
410.240353	0.356543
410.367988	0.356570
410.394673	0.356543
410.174292	0.356527
410.394673	0.356514
410.318356	0.356514
410.526421	0.356458
410.342988	0.356471
410.357357	0.356471
410.472676	0.356471
410.408675	0.356442
410.435360	0.356429
410.562995	0.356429
410.486677	0.356400
410.498993	0.356373
410.486677	0.356373
410.513362	0.356358
410.537995	0.356331
410.447301	0.356331
410.486302	0.356315
410.694367	0.356302
410.576996	0.356288
410.719000	0.356288
410.525304	0.356273
410.758001	0.356246
410.537620	0.356259
410.811371	0.356217
410.642308	0.356203
410.862689	0.356188
410.786371	0.356145
410.811004	0.356145
410.901690	0.356119
410.746995	0.356119
410.940691	0.356090
410.864374	0.356119
410.967377	0.356076
410.785997	0.356090
410.915692	0.356032
410.837314	0.356047
410.863999	0.356018
411.096697	0.356005
410.903000	0.355962
411.032695	0.355949
411.032695	0.355949
411.020379	0.355949
411.086066	0.355920
411.174699	0.355891
411.189068	0.355891
411.110698	0.355904
411.110698	0.355891
411.137383	0.355877
411.240386	0.355862
411.059006	0.355835
411.044637	0.355848
411.164068	0.355819
411.110323	0.355806
411.044262	0.355777
411.149324	0.355777
411.266703	0.355750
411.281072	0.355735
411.293388	0.355721
411.320073	0.355708
411.332390	0.355721
411.447708	0.355692
411.344706	0.355679
411.254012	0.355665
411.371391	0.355650
411.266328	0.355636
411.293013	0.355636
411.293013	0.355607
411.293013	0.355607
411.293013	0.355607
411.212583	0.355594
411.239268	0.355565
411.591397	0.355538
411.461710	0.355538
411.527396	0.355538
411.500711	0.355522
411.422334	0.355480
411.461335	0.355480
411.434650	0.355467
411.566397	0.355437
411.669400	0.355467
411.566397	0.355437
411.708401	0.355453
411.708401	0.355437
411.747403	0.355411
411.852465	0.355411
411.671085	0.355395
411.656716	0.355353
411.695718	0.355326
411.710086	0.355339
411.942784	0.355326
411.957153	0.355326
411.837721	0.355310
411.864406	0.355310
411.788089	0.355297
411.788089	0.355268
411.800405	0.355254
411.788089	0.355254
411.458158	0.355241
412.397915	0.355212
412.319913	0.355212
413.276842	0.355183
413.786468	0.355156
415.079097	0.355127
415.315339	0.355098
416.505715	0.355042
416.414453	0.355000
420.703084	0.354928
421.709077	0.354886
422.534633	0.354843
424.912943	0.354772
425.451496	0.354687
426.693557	0.354645
424.226220	0.354605
427.584232	0.354533
427.925537	0.354504
428.607771	0.354419
431.533773	0.354249
432.675808	0.354122
434.350235	0.353995
435.307346	0.353839
436.445462	0.353698
433.822869	0.353584
437.285943	0.353528
438.344190	0.353443
437.954552	0.353329
437.745918	0.353244
437.343589	0.353146
437.214644	0.353104
436.981011	0.353019
436.837690	0.352961
436.589313	0.352892
436.030236	0.352778
435.769543	0.352664
435.628282	0.352579
435.433275	0.352494
435.355273	0.352409
434.951826	0.352324
434.871771	0.352240
434.974773	0.352168
434.974773	0.352141
435.094205	0.352056
434.974773	0.352014
434.912825	0.351956
435.015827	0.351914
434.951826	0.351858
434.898081	0.351802
434.937083	0.351773
435.002769	0.351730
435.054086	0.351688
435.092713	0.351616
435.300410	0.351532
435.365722	0.351476
435.482726	0.351420
435.391665	0.351319
435.520985	0.351277
435.652358	0.351221
435.963058	0.351208
435.871997	0.351163
435.976684	0.351121
435.988626	0.351065
436.054312	0.351036
436.117571	0.351022
436.119256	0.350967
436.312577	0.350967
436.353264	0.350938
436.260143	0.350895
436.376772	0.350839
436.610780	0.350781
436.504975	0.350725
436.714350	0.350683
436.894988	0.350627
437.025993	0.350585
437.118364	0.350513
437.299002	0.350513
437.364688	0.350484
437.623696	0.350442
437.652066	0.350399
437.845388	0.350386
438.079770	0.350373
438.130713	0.350330
438.247717	0.350288
438.550213	0.350272
438.679534	0.350259
438.745220	0.350203
438.862224	0.350187
438.847480	0.350160
439.277237	0.350102
439.433242	0.350047
439.576931	0.350004
440.033755	0.349946
440.138443	0.349933
440.920703	0.349877
441.155453	0.349848
441.311833	0.349805
441.610217	0.349750
441.428837	0.349763
441.494149	0.349678
441.454780	0.349665
441.427345	0.349593
441.309224	0.349580
441.438544	0.349508
441.569917	0.349466
441.804300	0.349437
441.855242	0.349394
441.906560	0.349368
442.312059	0.349339
442.194313	0.349325
442.468064	0.349283
442.453320	0.349240
442.702447	0.349198
442.794818	0.349198
443.027516	0.349169
443.291011	0.349140
443.562710	0.349113
443.577079	0.349097
443.589020	0.349055
443.564020	0.348984
443.915774	0.348941
443.886661	0.348928
443.991349	0.348885
444.279477	0.348872
444.252417	0.348829
444.396481	0.348829
444.357105	0.348787
444.317728	0.348745
444.369046	0.348729
444.434732	0.348716
444.591112	0.348673
444.615370	0.348644
444.617055	0.348575
444.628996	0.348575
444.706999	0.348532
444.745625	0.348503
445.033753	0.348461
444.913947	0.348405
444.979633	0.348405
445.069952	0.348390
445.108953	0.348347
445.083954	0.348334
445.225957	0.348305
445.176325	0.348291
445.448024	0.348262
445.410333	0.348206
445.407905	0.348193
445.382898	0.348164
445.485533	0.348151
445.577904	0.348108
445.550845	0.348093
445.667848	0.348037
445.719166	0.348023
445.706482	0.347994
445.549727	0.347965
445.706107	0.347994
445.784110	0.347965
445.627362	0.347952
445.680733	0.347923
445.546183	0.347880
445.469490	0.347838
445.351744	0.347825
445.351369	0.347796
445.573436	0.347766
445.663754	0.347724
445.807443	0.347711
445.949447	0.347697
446.015134	0.347668
446.198199	0.347682
446.132138	0.347639
446.210140	0.347655
446.339835	0.347626
446.510584	0.347612
446.456839	0.347583
446.483524	0.347554
446.536894	0.347554
446.693274	0.347541
446.886596	0.347512
447.057345	0.347498
447.017969	0.347443
447.095971	0.347414
447.345097	0.347400
447.435416	0.347385
447.775229	0.347358
447.721484	0.347342
447.826546	0.347329
448.689612	0.347286
448.870992	0.347273
448.883308	0.347244
448.897677	0.347257
448.831616	0.347244
448.948994	0.347201
448.779931	0.347231
448.779931	0.347201
449.078315	0.347159
449.078315	0.347146
448.999937	0.347117
449.117316	0.347130
449.077940	0.347117
448.948252	0.347074
449.209687	0.347088
449.052940	0.347061
449.194944	0.347045
449.145311	0.347018
449.091566	0.346989
449.142884	0.346933
449.363265	0.346891
449.220886	0.346875
449.364950	0.346862
449.208195	0.346875
449.325574	0.346833
449.232828	0.346849
449.310830	0.346820
449.337515	0.346791
449.364200	0.346777
449.493895	0.346748
449.339201	0.346748
449.390518	0.346719
449.351142	0.346692
449.495206	0.346679
449.441461	0.346650
449.585525	0.346621
449.465718	0.346621
449.492403	0.346565
449.624151	0.346578
449.584775	0.346549
449.597091	0.346536
449.543346	0.346536
449.570031	0.346523
449.714095	0.346523
449.648034	0.346480
449.674719	0.346465
449.610718	0.346451
449.738353	0.346451
449.583658	0.346395
449.490911	0.346422
449.556598	0.346409
449.568914	0.346380
449.517229	0.346353
449.543914	0.346353
449.477853	0.346366
449.543539	0.346337
449.463109	0.346310
449.489794	0.346295
449.450418	0.346310
449.489419	0.346295
449.254294	0.346239
449.148864	0.346239
449.072547	0.346226
449.150549	0.346183
449.436617	0.346197
449.409557	0.346141
449.528989	0.346154
449.800687	0.346154
449.631624	0.346112
449.773627	0.346125
449.998121	0.346112
449.839314	0.346098
450.061755	0.346069
449.905000	0.346069
450.115125	0.346040
450.166443	0.346056
450.205444	0.345998
450.256762	0.345998
450.310132	0.345984
450.452136	0.345955
450.476768	0.345955
450.542454	0.345929
450.803897	0.345929
450.803897	0.345900
450.725520	0.345886
450.947961	0.345900
450.857267	0.345900
450.869583	0.345870
450.986962	0.345870
451.143335	0.345844
451.052649	0.345828
451.118335	0.345815
451.142967	0.345772
451.260339	0.345759
451.598099	0.345716
451.717530	0.345730
451.639153	0.345701
451.663785	0.345687
451.560783	0.345674
451.509090	0.345645
451.741788	0.345632
451.822218	0.345632
452.147662	0.345616
452.265040	0.345603
452.159978	0.345589
452.396788	0.345603
452.291726	0.345560
452.225664	0.345547
452.237980	0.345518
452.276982	0.345489
452.276982	0.345475
452.188348	0.345462
452.315983	0.345462
452.342668	0.345446
452.278667	0.345446
452.317668	0.345417
452.459672	0.345404
452.263923	0.345375
452.290608	0.345375
452.317293	0.345348
452.368611	0.345319
452.380927	0.345319
452.588992	0.345332
452.419928	0.345290
452.434297	0.345306
452.485615	0.345306
452.485615	0.345276
452.407237	0.345276
452.446239	0.345276
452.380177	0.345234
452.404810	0.345234
452.419179	0.345192
452.355178	0.345192
452.394179	0.345178
452.560815	0.345136
452.496814	0.345149
452.511183	0.345136
452.445121	0.345136
452.261689	0.345120
452.315059	0.345107
452.366377	0.345107
452.287999	0.345064
452.314684	0.345051
452.143560	0.345035
452.079559	0.345035
452.013498	0.345051
451.856750	0.345008
451.778373	0.345035
451.934753	0.345008
451.868692	0.345008
452.089073	0.344993
452.051757	0.344966
452.272138	0.344937
452.220446	0.344924
452.259447	0.344924
452.403511	0.344937
452.547575	0.344895
452.572207	0.344881
452.728580	0.344866
452.637894	0.344852
452.753212	0.344852
452.740896	0.344839
453.016708	0.344839
453.041340	0.344810
453.016708	0.344781
453.146403	0.344781
453.212089	0.344781
453.080341	0.344767
453.107026	0.344767
453.146028	0.344738
453.251090	0.344725
453.199773	0.344711
453.263774	0.344725
453.198088	0.344725
453.303150	0.344711
453.082769	0.344669
453.225147	0.344669
453.186146	0.344640
453.225522	0.344611
453.394586	0.344598
453.605079	0.344627
453.710141	0.344584
453.852520	0.344611
453.749517	0.344569
453.617770	0.344584
453.566452	0.344555
453.449073	0.344555
453.461390	0.344526
453.434705	0.344513
453.422388	0.344513
453.307070	0.344484
453.280385	0.344470
453.307070	0.344428
453.319386	0.344414
453.030883	0.344414
452.742388	0.344414
452.756757	0.344385
452.991515	0.344372
452.991515	0.344372
453.199580	0.344385
453.331327	0.344343
453.424074	0.344327
453.226265	0.344314
453.358012	0.344314
453.252950	0.344287
453.160203	0.344287
453.382645	0.344245
453.277582	0.344245
453.225890	0.344258
453.330952	0.344245
453.355585	0.344229
453.369954	0.344229
453.161889	0.344229
453.174205	0.344216
453.382270	0.344216
453.108144	0.344160
453.134829	0.344144
453.291209	0.344144
453.212831	0.344131
453.225147	0.344144
453.251833	0.344131
453.237464	0.344131
453.198088	0.344131
452.936277	0.344073
452.845584	0.344073
452.781583	0.344059
452.622775	0.344073
452.466027	0.344046
452.492713	0.344017
452.505029	0.344046
452.636776	0.344017
452.844841	0.343988
452.805465	0.344004
452.714779	0.343975
452.856783	0.343945
452.871152	0.343975
452.871152	0.343975
453.223281	0.343945
453.054217	0.343919
453.144910	0.343932
453.198281	0.343919
453.222913	0.343919
453.445347	0.343903
453.562726	0.343903
453.601727	0.343890
453.469979	0.343861
453.484348	0.343847
453.496665	0.343847
453.601727	0.343818
453.848793	0.343834
453.733475	0.343834
453.745791	0.343834
453.667413	0.343791
453.772476	0.343805
453.745791	0.343776
453.900111	0.343776
454.019542	0.343749
454.227607	0.343733
454.227607	0.343733
454.542795	0.343720
454.542795	0.343691
454.619112	0.343707
454.711859	0.343707
454.697490	0.343678
454.790236	0.343691
454.816921	0.343678
454.592427	0.343678
454.592427	0.343664
454.606796	0.343648
454.580111	0.343622
454.802552	0.343622
454.672858	0.343635
454.711859	0.343579
454.592427	0.343606
454.829238	0.343564
454.516110	0.343579
454.555111	0.343564
454.489050	0.343537
454.594113	0.343521
454.606429	0.343508
454.515735	0.343508
454.422989	0.343508
454.554736	0.343494
454.435305	0.343479
454.567053	0.343465
454.567053	0.343465
454.395929	0.343452
454.395929	0.343436
454.319611	0.343423
454.134119	0.343423
453.874361	0.343410
454.004056	0.343394
454.123488	0.343380
454.251123	0.343380
454.500249	0.343380
454.722683	0.343351
454.526934	0.343338
454.656622	0.343351
454.460873	0.343338
454.592621	0.343325
454.604937	0.343309
454.499874	0.343296
454.526559	0.343309
454.343127	0.343282
454.485130	0.343309
454.435498	0.343309
454.421129	0.343282
454.250005	0.343240
453.911871	0.343253
453.950872	0.343240
453.586059	0.343224
453.507682	0.343211
453.742439	0.343224
453.676378	0.343211
453.923444	0.343197
453.820442	0.343211
453.950130	0.343211
454.170511	0.343182
454.209512	0.343153
454.236197	0.343182
454.248513	0.343168
454.392577	0.343153
454.512009	0.343139
454.497640	0.343126
454.615011	0.343113
454.615011	0.343139
454.536641	0.343139
454.654013	0.343126
454.639644	0.343113
454.864138	0.343126
454.864138	0.343097
454.798076	0.343097
454.810393	0.343113
455.032834	0.343070
455.047203	0.343070
455.047203	0.343054
455.047203	0.343041
455.240899	0.343012
455.150205	0.343025
455.032834	0.343012
455.162521	0.343012
455.360330	0.342999
455.240899	0.342983
455.267584	0.342983
455.475649	0.342970
455.568395	0.342970
455.881523	0.342956
456.052647	0.342943
456.052647	0.342927
455.908583	0.342898
455.803520	0.342885
455.803520	0.342885
455.803520	0.342885
455.789151	0.342856
455.764519	0.342856
455.700518	0.342885
455.700518	0.342856
455.894214	0.342842
455.700518	0.342856
455.607772	0.342842
455.595455	0.342813
455.815837	0.342829
455.725150	0.342829
455.712834	0.342829
455.554026	0.342786
455.554026	0.342771
455.568395	0.342757
455.698090	0.342728
455.607397	0.342744
455.514650	0.342757
455.632029	0.342744
455.751461	0.342744
455.462965	0.342744
455.462965	0.342757
455.462965	0.342715
455.396904	0.342715
455.330843	0.342715
455.357528	0.342715
455.200780	0.342702
454.835960	0.342673
454.730898	0.342673
454.808900	0.342659
454.938595	0.342673
454.860218	0.342644
454.796217	0.342673
454.717839	0.342673
454.822902	0.342644
454.849587	0.342644
454.964906	0.342659
454.849587	0.342644
455.016223	0.342644
455.016223	0.342659
455.016223	0.342630
455.265350	0.342630
455.292035	0.342617
455.265350	0.342601
455.186972	0.342588
455.304351	0.342601
455.304351	0.342588
455.539101	0.342574
455.434039	0.342588
455.407353	0.342588
455.446355	0.342574
455.644164	0.342559
455.460724	0.342574
455.749226	0.342559
455.565786	0.342574
455.788227	0.342574
455.565786	0.342559
455.670849	0.342559
455.788227	0.342559
455.800544	0.342545
455.814913	0.342545
456.022978	0.342516
456.008609	0.342516
456.128040	0.342503
456.008609	0.342503
456.101355	0.342474
456.402166	0.342489
456.363165	0.342489
