27.140000	0.629506
27.140000	0.629506
27.230554	0.629506
28.512724	0.629007
30.316858	0.628408
31.541007	0.628408
32.168056	0.628108
33.263628	0.627907
33.826205	0.627708
34.126789	0.627408
34.269491	0.627408
34.546140	0.627209
35.472700	0.627307
35.614145	0.627209
35.549296	0.626907
36.553248	0.626806
36.581286	0.626907
37.299354	0.626806
37.312324	0.626708
37.913440	0.626408
38.042988	0.626509
37.834590	0.626408
38.933393	0.626308
39.166274	0.626108
39.531557	0.625907
39.898569	0.625907
40.708639	0.625608
41.791057	0.625608
41.584249	0.625308
42.366230	0.625308
42.953535	0.625207
43.164028	0.625109
42.958057	0.624907
44.494541	0.624907
45.055109	0.624708
45.511786	0.624610
45.341971	0.624507
47.038056	0.624308
46.713354	0.624109
47.209642	0.624008
47.549455	0.624008
47.731673	0.623910
48.278389	0.623910
48.515758	0.623709
48.618856	0.623608
48.841525	0.623608
49.179006	0.623608
49.208494	0.623507
49.521342	0.623409
49.861111	0.623409
50.135193	0.623210
50.279021	0.623308
50.198679	0.623109
50.538683	0.623308
50.643650	0.623210
50.876487	0.623308
50.917732	0.623210
51.228477	0.623210
51.191859	0.623109
51.519590	0.623008
51.504986	0.622807
51.675875	0.622807
51.830055	0.623008
52.001039	0.623008
52.104556	0.622908
52.377984	0.622709
52.444509	0.622709
52.641899	0.622807
52.603316	0.622709
52.809094	0.622510
52.498210	0.622709
52.874640	0.622608
53.097126	0.622709
53.292647	0.622709
53.097030	0.622709
53.175503	0.622709
55.062537	0.622608
51.176461	0.622807
51.583880	0.622807
51.685668	0.622608
52.040504	0.622510
52.536278	0.622709
52.523917	0.622510
52.351623	0.622608
52.757357	0.622510
53.057985	0.622608
53.072449	0.622409
53.190012	0.622510
53.490500	0.622510
53.801619	0.622409
54.063385	0.622409
54.493744	0.622308
54.770210	0.622308
55.119911	0.622210
55.330220	0.622107
55.423664	0.621908
55.890693	0.621908
55.722188	0.621908
56.167063	0.621810
56.375128	0.621709
56.806193	0.621908
57.223729	0.621810
57.263149	0.621709
57.627969	0.621510
57.694075	0.621608
58.266306	0.621510
58.699379	0.621510
58.555970	0.621409
59.144673	0.621309
59.572796	0.621208
59.807782	0.621009
60.526364	0.620908
60.824888	0.620908
60.905877	0.620908
61.388024	0.620908
61.859356	0.620810
62.290230	0.620709
62.850939	0.620609
63.437729	0.620409
63.648038	0.620309
63.948526	0.620309
64.482454	0.620208
64.562745	0.620009
64.837106	0.620009
65.292193	0.620110
65.619411	0.620009
65.802615	0.620009
65.983995	0.619810
66.467688	0.619909
66.494792	0.619909
66.911532	0.619709
67.407071	0.619709
67.576554	0.619611
67.864542	0.619410
67.901718	0.619611
68.046245	0.619508
68.412750	0.619410
68.620536	0.619410
68.660000	0.619211
68.713980	0.619110
69.051366	0.619309
69.012504	0.619309
69.300536	0.619211
69.339398	0.619211
69.444644	0.619009
69.638061	0.619110
69.679446	0.619009
69.704122	0.619009
69.821545	0.619110
70.017434	0.619110
65.681508	0.619211
67.393637	0.619309
67.327951	0.619211
67.274485	0.619309
67.276589	0.619110
69.222857	0.619110
69.168509	0.619211
69.312522	0.619009
69.285837	0.619211
69.327177	0.619211
69.444365	0.619211
69.510705	0.619009
69.769904	0.619110
69.796633	0.618911
69.808766	0.619110
69.833626	0.619009
69.886996	0.619009
69.886996	0.618911
70.212536	0.619009
70.251677	0.618911
70.305186	0.618911
70.292966	0.618911
70.369099	0.618911
70.266281	0.618810
70.383799	0.618911
70.591769	0.618911
70.645609	0.618911
70.814577	0.618810
71.152477	0.618810
71.375242	0.618710
71.506894	0.618810
71.768101	0.618609
72.040498	0.618609
72.316589	0.618710
72.551060	0.618609
72.681034	0.618609
72.981706	0.618511
73.241228	0.618410
73.661662	0.618410
73.778989	0.618410
73.948332	0.618110
74.104757	0.618309
74.600949	0.618309
74.589148	0.618211
75.005050	0.618211
75.124900	0.618110
75.540384	0.618110
75.685373	0.618010
76.311210	0.617808
76.546291	0.617710
76.861522	0.617808
77.512079	0.617710
77.421393	0.617710
77.499998	0.617609
77.656753	0.617710
77.996426	0.617410
78.348555	0.617511
78.989135	0.617310
78.909543	0.617511
79.276041	0.617410
79.771256	0.617310
79.889656	0.617310
80.122354	0.617108
80.110831	0.617108
80.293566	0.617108
80.516147	0.617010
80.853576	0.617108
80.751735	0.617010
81.534047	0.616909
81.494950	0.617010
81.663315	0.616811
81.924846	0.616909
83.504860	0.616811
82.866149	0.616710
82.876641	0.616610
82.837779	0.616710
83.125951	0.616710
83.712925	0.616710
83.399893	0.616511
83.634739	0.616610
83.764662	0.616610
83.884189	0.616511
84.366057	0.616511
84.392881	0.616511
84.628102	0.616410
84.887389	0.616312
84.745892	0.616312
85.359420	0.616211
85.412790	0.616211
85.907158	0.616211
86.246882	0.616211
86.521097	0.616211
86.535377	0.616111
86.965788	0.615910
86.964059	0.616111
87.277187	0.615910
87.865192	0.616010
86.403211	0.615811
85.762631	0.616010
85.699137	0.616010
86.809643	0.616010
86.755663	0.616010
86.821864	0.615910
87.054282	0.616010
86.952118	0.616010
87.381874	0.615811
87.381874	0.615910
87.474621	0.615910
87.734099	0.615910
87.944312	0.615811
87.917487	0.615811
88.074286	0.615612
88.269940	0.615811
88.387554	0.615811
88.648989	0.615710
88.883886	0.615710
89.381100	0.615411
89.654484	0.615511
89.940971	0.615511
90.217245	0.615411
90.542505	0.615411
90.804036	0.615209
91.038926	0.615310
91.219983	0.615209
91.652821	0.615209
91.716499	0.615111
92.122233	0.615209
92.264332	0.615209
92.265126	0.615111
92.657846	0.614912
92.970834	0.614912
92.983665	0.615010
93.375214	0.614912
94.106899	0.614811
94.275919	0.614711
94.681609	0.614711
94.891918	0.614612
95.398367	0.614612
95.894795	0.614612
96.169340	0.614310
96.586780	0.614310
97.097812	0.614411
97.279516	0.614111
97.736340	0.614111
97.920052	0.614212
98.219369	0.614212
98.636861	0.614212
99.184555	0.614111
99.395283	0.614011
99.837774	0.613912
100.165227	0.613912
100.361725	0.613811
101.247931	0.613711
99.043338	0.613811
99.289426	0.613811
99.196776	0.613811
102.082575	0.613711
100.333644	0.613711
99.536963	0.613711
99.773398	0.613610
99.746713	0.613610
99.773538	0.613610
99.837032	0.613711
99.797891	0.613811
99.824856	0.613610
99.758890	0.613811
99.785715	0.613610
99.771015	0.613610
99.785435	0.613711
99.744609	0.613711
99.876173	0.613610
99.771434	0.613711
99.732389	0.613711
99.744749	0.613610
99.693108	0.613711
99.629474	0.613711
99.537286	0.613711
101.090145	0.613610
100.933721	0.613610
101.782697	0.613512
102.773076	0.613311
101.549999	0.613512
102.383952	0.613311
102.435733	0.613311
102.892454	0.613411
103.151932	0.613311
103.166440	0.613311
103.374417	0.613212
103.714884	0.613111
103.871352	0.613212
103.846771	0.613212
103.925516	0.613111
104.135641	0.613111
104.747249	0.613111
105.163099	0.613011
105.348548	0.613011
105.532216	0.612812
106.090261	0.612812
106.143771	0.612812
106.378713	0.612910
106.640243	0.612812
106.860999	0.612812
107.464403	0.612711
107.633606	0.612512
107.997912	0.612610
108.389277	0.612512
108.584886	0.612411
108.820247	0.612411
109.265166	0.612512
109.500247	0.612411
109.864552	0.612411
110.074582	0.612311
110.074582	0.612411
110.295103	0.612411
110.285030	0.612411
110.778796	0.612311
110.908763	0.612311
111.170345	0.612311
111.742759	0.612112
111.667280	0.612212
112.292976	0.612112
112.657561	0.612013
113.180718	0.611910
113.247103	0.611812
113.675645	0.611910
113.990641	0.611812
114.396611	0.611611
114.485244	0.611812
114.695928	0.611611
115.152745	0.611611
115.296809	0.611611
115.634473	0.611412
115.713314	0.611512
116.067451	0.611412
116.354077	0.611313
116.835762	0.611412
117.136433	0.611313
117.228996	0.611313
117.280776	0.611112
117.762644	0.611212
118.129003	0.611112
118.168518	0.611112
118.532963	0.611112
118.767809	0.611112
119.056121	0.610911
119.276641	0.610911
119.201022	0.610812
120.255035	0.611011
116.838049	0.610911
117.671627	0.611011
117.723129	0.611011
117.737872	0.611112
118.755449	0.611011
118.938742	0.611011
119.029156	0.610911
119.134498	0.611011
119.251590	0.610911
119.173683	0.610911
119.435309	0.610711
119.812299	0.610711
120.100610	0.610711
120.125426	0.610812
120.349736	0.610812
120.255026	0.610711
120.465195	0.610812
120.531212	0.610711
120.622273	0.610812
121.144916	0.610812
121.130870	0.610613
121.328775	0.610812
121.549060	0.610711
121.837048	0.610711
121.849828	0.610711
121.940286	0.610613
122.070209	0.610613
122.241237	0.610613
122.436802	0.610512
122.658825	0.610412
122.671508	0.610512
122.815947	0.610311
123.050278	0.610311
123.312324	0.610311
123.520205	0.610412
123.547265	0.610311
123.821156	0.610211
123.990176	0.610311
124.017044	0.610112
124.159100	0.610211
124.134938	0.610211
124.423014	0.610211
124.812135	0.610112
125.399110	0.610112
125.531696	0.609913
125.739437	0.610011
126.014970	0.610011
126.080935	0.610011
126.198637	0.609812
126.418600	0.609913
126.352957	0.609913
126.824753	0.609913
126.942036	0.609812
127.135732	0.609812
127.294540	0.609812
127.502465	0.609812
127.659264	0.609613
127.764231	0.609613
127.869617	0.609712
127.984796	0.609712
128.143839	0.609613
128.559411	0.609613
128.598787	0.609613
128.845713	0.609613
129.134120	0.609613
129.278133	0.609511
129.214411	0.609311
129.251727	0.609311
129.748015	0.609412
129.630497	0.609511
129.762384	0.609511
129.840526	0.609412
129.840762	0.609412
130.099865	0.609412
130.009546	0.609213
130.139190	0.609412
130.048783	0.609213
130.335409	0.609412
130.518562	0.609311
130.635845	0.609412
131.132457	0.609213
131.223055	0.609311
131.406444	0.609311
131.420864	0.609213
131.796273	0.609213
129.434557	0.609213
129.747457	0.609412
129.720676	0.609311
129.681719	0.609412
129.632364	0.609311
130.767549	0.609311
131.119817	0.609311
131.602009	0.609112
131.731983	0.609213
132.149938	0.609213
132.137622	0.609112
132.568128	0.609012
132.778716	0.609213
132.750302	0.609112
132.454292	0.609012
133.600537	0.608913
133.860015	0.608712
133.979586	0.608712
134.227027	0.608813
134.762640	0.608813
135.114813	0.608513
135.428132	0.608513
135.792621	0.608412
136.510880	0.608513
136.536299	0.608412
136.941938	0.608312
137.203660	0.608513
137.516927	0.608312
137.920557	0.608412
137.960117	0.608312
138.588293	0.608312
138.598644	0.608112
139.239408	0.608112
139.527396	0.608112
139.552447	0.608112
139.748057	0.607911
139.943622	0.608112
140.232029	0.608012
140.870644	0.607911
141.002296	0.607813
141.262429	0.607813
142.034198	0.607911
142.176900	0.607712
142.333743	0.607712
142.907894	0.607513
143.157204	0.607712
143.614579	0.607612
143.954208	0.607612
144.018305	0.607412
144.097241	0.607513
144.473907	0.607412
144.984564	0.607513
145.206954	0.607412
145.310471	0.607213
145.767846	0.607412
146.393638	0.607213
146.892259	0.607312
147.543425	0.607213
147.790492	0.607213
148.012926	0.607113
147.908194	0.607113
148.756280	0.607014
148.783384	0.607014
148.991501	0.607113
149.513487	0.607014
150.143436	0.607014
150.544918	0.606712
150.806265	0.606712
152.965985	0.606912
147.750138	0.607014
148.181247	0.606912
148.429396	0.607014
151.331054	0.606813
152.844162	0.606712
152.168735	0.606712
150.899056	0.606813
151.055715	0.606614
150.911328	0.606813
151.041015	0.606712
151.016339	0.606513
151.016295	0.606614
151.055340	0.606712
151.055340	0.606614
151.055340	0.606614
151.133438	0.606813
151.106658	0.606712
151.079877	0.606813
151.131334	0.606712
151.118878	0.606712
151.067561	0.606614
151.094298	0.606712
151.067561	0.606614
151.092333	0.606513
151.094298	0.606712
151.119114	0.606712
151.092333	0.606614
151.067752	0.606712
151.082121	0.606513
151.133483	0.606712
151.133483	0.606712
151.158159	0.606712
151.158115	0.606712
151.184844	0.606712
151.223897	0.606513
151.211485	0.606712
151.211485	0.606614
151.199125	0.606712
151.158019	0.606712
151.184704	0.606712
151.131334	0.606712
151.145755	0.606712
151.172484	0.606614
151.158159	0.606712
151.158115	0.606712
152.019635	0.606614
153.012623	0.606413
153.379407	0.606413
153.887865	0.606314
153.861599	0.606413
154.421374	0.606314
154.736789	0.606314
155.024917	0.606314
155.048144	0.606314
155.519660	0.606214
155.272025	0.606214
156.747538	0.606113
157.177765	0.606214
157.308481	0.605914
158.156899	0.606012
158.458408	0.605813
159.137571	0.606012
159.423638	0.605914
159.683256	0.605914
160.155096	0.605813
160.820308	0.605813
161.277683	0.605713
161.251138	0.605513
161.720645	0.605614
161.771632	0.605614
162.060598	0.605614
162.140469	0.605413
162.179750	0.605614
162.674257	0.605413
162.869264	0.605513
163.444577	0.605413
163.276255	0.605413
163.405575	0.605413
163.679378	0.605413
163.796985	0.605413
163.758079	0.605214
164.136893	0.605312
164.240270	0.605312
164.396834	0.605312
164.997950	0.605312
165.298857	0.605113
165.443009	0.605214
165.597704	0.605214
165.729032	0.605113
166.042256	0.605113
166.133361	0.605113
166.565413	0.605113
166.605392	0.605113
166.852179	0.605013
167.125790	0.605013
167.033654	0.605013
167.505214	0.605013
167.805886	0.605013
167.649278	0.604914
167.960302	0.604914
168.079873	0.604914
168.182971	0.604914
168.341499	0.604914
168.195846	0.604914
168.378727	0.604914
169.161311	0.604813
169.070808	0.604813
169.242116	0.604813
169.829046	0.604614
169.934153	0.604614
170.179350	0.604713
170.338437	0.604713
170.626330	0.604713
170.846990	0.604713
171.200849	0.604514
171.343088	0.604614
171.629251	0.604514
171.031687	0.604413
172.516713	0.604413
173.720709	0.604313
174.293219	0.604313
174.398465	0.604313
174.502173	0.604214
175.039515	0.604214
175.259713	0.604013
175.508648	0.604113
175.624063	0.604013
175.873652	0.603914
176.108218	0.603814
176.435531	0.604113
176.628992	0.604113
176.709422	0.604113
177.020637	0.604013
177.203886	0.604013
177.191569	0.603914
177.648901	0.603914
177.558258	0.604013
177.807848	0.603914
178.260927	0.603914
178.380454	0.603713
178.615299	0.603914
178.810725	0.603814
178.955296	0.603613
178.955296	0.603814
179.111911	0.603613
179.464040	0.603713
179.725431	0.603713
179.972637	0.603514
180.012013	0.603613
180.195402	0.603613
180.559891	0.603613
180.481660	0.603514
180.912071	0.603514
181.029443	0.603613
181.433264	0.603514
181.396087	0.603514
181.618521	0.603413
181.736179	0.603514
181.865779	0.603313
182.152310	0.603313
182.333645	0.603413
182.350258	0.603313
182.858907	0.603214
182.871363	0.603413
182.949689	0.603413
183.106164	0.603214
183.381924	0.603413
185.513509	0.603313
181.186198	0.603413
180.351311	0.603413
180.247138	0.603413
182.440672	0.603313
182.623921	0.603313
184.046289	0.603313
185.468806	0.603114
186.239544	0.603114
186.762701	0.602914
186.983222	0.602914
187.414236	0.603015
187.768006	0.602814
187.846707	0.603015
188.235593	0.602814
188.445762	0.602914
188.758890	0.602814
188.785906	0.602613
189.111298	0.602713
189.099033	0.602914
189.713068	0.602814
189.920898	0.602914
190.038416	0.602814
190.221665	0.602613
190.456467	0.602814
190.874377	0.602713
191.082487	0.602814
191.122186	0.602713
191.552457	0.602613
191.711081	0.602613
191.997568	0.602613
192.440434	0.602514
192.911715	0.602613
193.421342	0.602414
193.223628	0.602514
193.656048	0.602514
194.110856	0.602414
194.189696	0.602414
194.529369	0.602414
194.816091	0.602315
195.573866	0.602114
195.586226	0.602214
195.886619	0.602114
195.911435	0.602214
195.887317	0.602114
196.723043	0.602015
196.760176	0.602114
196.958447	0.602114
197.153733	0.602114
197.087821	0.602114
197.025023	0.601913
197.843762	0.602114
197.833969	0.602114
198.184089	0.601913
198.565147	0.601913
198.653361	0.601814
198.798028	0.601814
199.281765	0.601913
199.360517	0.601814
199.817518	0.601814
199.988406	0.601615
200.013597	0.601814
201.081839	0.601615
196.761670	0.601714
196.840187	0.601714
196.189385	0.601913
199.973523	0.601814
200.416669	0.601514
199.111810	0.601714
198.562344	0.601714
197.860417	0.601714
199.829415	0.601615
199.984487	0.601714
198.119853	0.601714
198.523204	0.601615
198.510887	0.601714
198.457517	0.601814
197.652998	0.601615
198.277210	0.601714
198.772139	0.601615
199.295531	0.601714
198.902297	0.601714
198.471746	0.601714
198.565566	0.601514
198.407650	0.601714
199.804363	0.601714
200.273776	0.601514
198.483783	0.601514
198.627987	0.601714
198.654488	0.601714
199.231197	0.601514
200.588675	0.601514
200.078350	0.601615
198.732579	0.601615
198.760014	0.601615
200.862382	0.601414
202.062788	0.601315
202.283074	0.601414
200.892191	0.601414
200.548740	0.601315
200.874000	0.601514
200.913097	0.601414
200.913045	0.601414
200.913045	0.601514
200.964363	0.601615
200.939730	0.601615
200.939642	0.601514
200.951907	0.601615
200.939591	0.601714
201.005329	0.601514
200.954011	0.601615
200.954011	0.601615
200.978732	0.601414
200.939642	0.601514
200.912906	0.601414
200.913001	0.601514
200.900685	0.601514
200.913001	0.601514
200.912906	0.601514
200.927370	0.601514
200.925361	0.601514
200.966467	0.601414
201.005468	0.601414
200.978732	0.601414
200.991048	0.601514
200.978732	0.601514
201.030189	0.601514
201.032153	0.601414
201.083375	0.601315
201.710005	0.601315
202.832733	0.601215
202.923794	0.601215
203.185376	0.601414
203.681657	0.601315
204.151444	0.601315
204.242365	0.601414
204.189693	0.601315
204.934821	0.601114
205.051921	0.601215
205.039700	0.601114
205.352688	0.601114
205.523716	0.601114
205.704861	0.601215
205.873646	0.601215
205.783195	0.601014
206.096087	0.601114
206.149597	0.601014
206.213554	0.601014
206.369934	0.601014
206.189252	0.600915
206.448451	0.600915
206.604824	0.600915
206.930268	0.600915
206.970063	0.601014
207.338246	0.600814
207.427438	0.600915
208.119196	0.600915
208.380918	0.601014
208.564350	0.600814
208.995040	0.600915
209.007496	0.600915
209.528226	0.600915
209.334904	0.600714
209.412907	0.600714
209.699438	0.600814
210.208226	0.600615
210.861306	0.600615
210.966229	0.600814
211.201214	0.600714
211.736688	0.600714
212.049815	0.600714
211.946996	0.600615
212.558559	0.600515
212.480785	0.600515
212.715491	0.600615
213.187147	0.600414
213.277745	0.600615
213.525142	0.600414
213.799827	0.600313
213.929514	0.600515
214.594308	0.600414
214.791881	0.600414
215.014602	0.600414
215.288493	0.600414
215.403907	0.600313
215.743860	0.600313
216.265008	0.600313
216.501818	0.600114
216.895237	0.600215
216.959613	0.600215
217.311367	0.600215
217.546359	0.600215
218.054861	0.600114
218.081737	0.600215
218.485463	0.600114
218.668712	0.600215
218.838011	0.599915
219.126322	0.600114
219.178103	0.600014
219.454333	0.600014
219.804453	0.600014
220.065940	0.599815
220.222967	0.599815
220.445496	0.599915
220.484358	0.599915
220.743697	0.599915
221.227757	0.600014
221.085613	0.599915
221.516164	0.599915
221.777555	0.600014
222.049393	0.599815
222.259702	0.599815
222.271783	0.599915
222.428443	0.599815
222.677473	0.599815
222.572830	0.599615
222.729350	0.599615
222.690069	0.599714
222.637022	0.599714
222.859133	0.599615
222.925194	0.599714
223.184716	0.599714
223.108443	0.599515
223.250638	0.599714
223.421387	0.599714
223.499852	0.599615
223.614987	0.599615
223.631600	0.599615
223.917903	0.599714
224.010649	0.599714
224.152330	0.599515
224.529650	0.599515
224.700722	0.599515
224.881962	0.599615
225.170325	0.599615
225.392943	0.599615
225.588743	0.599414
225.664597	0.599515
225.887083	0.599414
226.046074	0.599414
226.124452	0.599515
226.151416	0.599414
226.320156	0.599515
226.423394	0.599515
227.349483	0.599515
227.088834	0.599414
227.430567	0.599314
227.533430	0.599314
227.677590	0.599314
227.819594	0.599314
228.237085	0.599215
225.249114	0.599215
225.380164	0.599215
225.158472	0.599215
226.698970	0.599414
226.645130	0.599215
226.816393	0.599215
227.220075	0.599314
227.597343	0.599314
227.990666	0.599215
228.330670	0.599215
228.736404	0.599215
228.876774	0.599215
229.414160	0.599215
229.426947	0.599215
230.028011	0.599215
230.261128	0.599115
230.314968	0.599014
230.693826	0.599014
230.914068	0.598915
230.914347	0.599115
231.515838	0.599014
231.894835	0.598815
232.298421	0.598915
232.403624	0.599014
232.898411	0.598716
233.501395	0.598915
233.995947	0.598815
234.582694	0.598815
234.805502	0.598716
235.013847	0.598716
235.302298	0.598616
235.693619	0.598716
235.875043	0.598716
236.229416	0.598515
236.750704	0.598414
237.325083	0.598515
237.481831	0.598616
238.173868	0.598314
238.511907	0.598314
238.697121	0.598414
239.113721	0.598314
239.468417	0.598215
239.793957	0.598314
240.052825	0.598314
241.344485	0.598115
240.927927	0.598115
241.501887	0.598115
241.816551	0.598115
242.024572	0.598215
243.226987	0.598215
243.657721	0.598215
244.061682	0.598115
244.663165	0.598016
244.896142	0.597916
245.512001	0.597916
245.981737	0.597815
246.294820	0.597916
245.539427	0.597916
245.171997	0.597815
246.438744	0.597916
246.424464	0.597916
246.777430	0.597815
247.742991	0.597916
248.043803	0.597916
248.359174	0.597916
248.907008	0.597714
249.115029	0.597614
249.689408	0.597614
249.702606	0.597614
250.590120	0.597714
251.113042	0.597714
251.465171	0.597614
251.763040	0.597614
250.770846	0.597515
252.037960	0.597614
252.495387	0.597515
251.658727	0.597515
250.863688	0.597415
250.917197	0.597415
250.863688	0.597515
250.849267	0.597515
250.902777	0.597515
250.863776	0.597515
250.851511	0.597415
250.878196	0.597415
250.929558	0.597515
250.876188	0.597415
250.902829	0.597316
250.968559	0.597415
250.954190	0.597415
250.956199	0.597515
250.968515	0.597415
250.968464	0.597415
250.995200	0.597515
250.956103	0.597316
250.993052	0.597316
250.953955	0.597415
250.941595	0.597415
250.968419	0.597415
250.941778	0.597316
250.890373	0.597316
250.902777	0.597316
250.915049	0.597216
250.902733	0.597216
250.927410	0.597316
250.941874	0.597216
250.966550	0.597316
251.125681	0.597115
253.696021	0.597316
253.972950	0.597216
254.532725	0.597216
255.134818	0.597016
255.851113	0.597115
256.333539	0.597115
257.091307	0.597016
257.431076	0.597016
257.717702	0.597016
258.306597	0.596815
258.669636	0.596914
259.129211	0.596914
259.559622	0.596914
260.107316	0.596815
260.474049	0.596914
260.890510	0.596715
261.843982	0.596815
262.364388	0.596616
260.263600	0.596815
261.230087	0.596815
262.650693	0.596815
260.850810	0.596715
260.550182	0.596715
260.537727	0.596715
261.450285	0.596715
261.882844	0.596715
262.548475	0.596715
263.069344	0.596516
263.030343	0.596715
263.370391	0.596616
263.567965	0.596616
263.866811	0.596616
264.231352	0.596415
264.427336	0.596516
264.767053	0.596516
265.001811	0.596516
265.209876	0.596316
265.200362	0.596415
265.589065	0.596415
265.498746	0.596316
266.112317	0.596415
266.308066	0.596316
266.269065	0.596316
266.802574	0.596316
267.064384	0.596216
267.286825	0.596316
267.716957	0.596115
268.017768	0.596316
268.318579	0.596316
268.605022	0.596316
268.605022	0.596115
269.232962	0.596316
269.453719	0.596115
269.781215	0.596316
269.688469	0.596316
269.989280	0.596216
270.458788	0.596015
270.590910	0.596015
270.979980	0.596115
271.058358	0.596015
271.149419	0.596015
271.606610	0.595914
271.880737	0.596015
272.129863	0.595814
271.961167	0.596015
272.442991	0.596115
272.875550	0.596015
272.926867	0.595914
272.980612	0.595914
273.239995	0.595814
273.396742	0.595814
273.658185	0.595814
273.787873	0.595814
274.191694	0.595814
274.311125	0.595814
274.636944	0.595614
274.989073	0.595814
275.081819	0.595614
275.355571	0.595715
275.458948	0.595715
275.642388	0.595516
275.825821	0.595516
276.085203	0.595516
276.177950	0.595516
276.386015	0.595715
276.544455	0.595614
276.701202	0.595415
276.960585	0.595614
277.195335	0.595614
277.483837	0.595614
277.522839	0.595614
277.862651	0.595516
278.031715	0.595415
278.346528	0.595315
278.501223	0.595315
278.736348	0.595415
278.553283	0.595315
278.839350	0.595415
279.494351	0.595415
279.675731	0.595315
279.624413	0.595315
280.120606	0.595315
279.845169	0.595216
280.212042	0.595115
280.747236	0.595216
281.060364	0.595216
281.241744	0.595216
281.529496	0.595115
281.530239	0.595115
281.752305	0.595115
282.117125	0.595115
282.013748	0.594914
282.182812	0.594914
282.314559	0.594914
282.417937	0.594914
282.809067	0.594814
282.977388	0.595015
282.953131	0.595015
282.899386	0.594914
283.200572	0.594914
283.278574	0.594715
283.356944	0.594914
283.175939	0.594814
283.606446	0.594914
283.411064	0.594914
283.997201	0.594914
282.536432	0.594715
283.868256	0.594914
284.115322	0.594814
284.232701	0.594914
284.387021	0.594814
284.584830	0.594914
284.625516	0.594914
285.067021	0.594814
285.301404	0.594814
285.185710	0.594814
285.342458	0.594814
285.484469	0.594715
285.196341	0.594615
285.382209	0.594814
285.903027	0.594615
286.203845	0.594715
286.101210	0.594715
286.597028	0.594715
286.189844	0.594715
286.583402	0.594715
287.353721	0.594615
282.705689	0.594715
283.840828	0.594814
284.062145	0.594814
284.442826	0.594715
284.714892	0.594715
285.536529	0.594715
285.524213	0.594615
285.876342	0.594715
286.035524	0.594715
286.438970	0.594715
287.157597	0.594615
287.823228	0.594516
288.371106	0.594516
289.141425	0.594615
289.166058	0.594615
289.545246	0.594615
290.002438	0.594615
290.526058	0.594516
290.746439	0.594516
290.968881	0.594516
291.608194	0.594315
291.998950	0.594415
292.366197	0.594315
293.082396	0.594315
293.645393	0.594216
294.088215	0.594216
294.208022	0.594116
295.147030	0.594015
295.487217	0.594116
295.839346	0.594116
296.413541	0.594116
296.518979	0.593915
297.039797	0.594015
297.756745	0.594015
297.913493	0.593816
298.135934	0.593816
298.370684	0.594015
298.788875	0.593915
298.931253	0.593816
299.195123	0.593715
299.520192	0.593816
299.584568	0.593816
300.188251	0.593615
300.878140	0.593715
301.127634	0.593615
301.714520	0.593715
302.103591	0.593715
301.243896	0.593615
300.628639	0.593715
300.537953	0.593516
300.760387	0.593715
300.513320	0.593516
300.537953	0.593715
300.655324	0.593715
300.591323	0.593715
300.706642	0.593615
300.616323	0.593615
300.679956	0.593516
300.904450	0.593615
300.630324	0.593416
300.603639	0.593615
300.591323	0.593615
300.706642	0.593615
300.772703	0.593715
300.640955	0.593715
300.746018	0.593516
300.564638	0.593615
300.733701	0.593816
300.552322	0.593816
300.746018	0.593615
300.694700	0.593615
302.130651	0.593516
302.028390	0.593516
303.045033	0.593615
303.463591	0.593615
304.064846	0.593615
304.153480	0.593416
304.691102	0.593416
305.209867	0.593315
305.566483	0.593416
305.813550	0.593214
305.863182	0.593214
306.205055	0.593416
306.205429	0.593315
306.934312	0.593315
306.882995	0.593315
307.247815	0.593214
307.523626	0.593315
307.680374	0.593315
308.071879	0.593315
308.580388	0.593214
308.411692	0.593315
308.529070	0.593315
308.450693	0.593116
308.829882	0.593116
309.115949	0.593315
309.221012	0.593214
309.221012	0.593015
309.480394	0.593214
309.822267	0.593214
310.067648	0.593116
310.251088	0.593116
310.695964	0.593116
310.798966	0.593116
311.007406	0.592915
311.347219	0.593116
311.413280	0.593015
312.000534	0.593116
312.171283	0.593116
312.298918	0.593015
312.406408	0.593015
312.719168	0.593015
312.875915	0.593015
313.516914	0.592915
314.052108	0.593015
314.284806	0.592915
314.690680	0.592716
314.952490	0.592915
315.263190	0.592716
315.928447	0.592716
316.074938	0.592716
316.140999	0.592617
316.598191	0.592816
316.649508	0.592816
316.818572	0.592816
316.873067	0.592816
317.354508	0.592716
317.748073	0.592716
318.007081	0.592716
318.269266	0.592617
318.594710	0.592514
318.805202	0.592514
319.154904	0.592514
319.416714	0.592315
319.806727	0.592514
316.583822	0.592416
317.121443	0.592617
317.224446	0.592514
317.380826	0.592514
317.146076	0.592514
317.380826	0.592514
315.019668	0.592514
318.112144	0.592416
318.112144	0.592416
318.176145	0.592514
318.332525	0.592514
318.281207	0.592514
318.332525	0.592416
318.489272	0.592416
318.946839	0.592514
319.286651	0.592416
319.913281	0.592315
320.160348	0.592315
320.592907	0.592416
321.192477	0.592416
321.806416	0.592315
322.160605	0.592315
322.447047	0.592215
323.190681	0.592215
323.660557	0.592215
323.909308	0.592116
324.156749	0.592215
324.848691	0.592215
324.966070	0.592215
325.343198	0.592016
325.814766	0.592016
326.022831	0.591917
326.362644	0.592016
326.323643	0.591816
326.740148	0.591816
326.898580	0.592016
326.937956	0.591917
327.498150	0.591917
327.733275	0.591917
328.033719	0.591917
328.283213	0.591716
328.620973	0.591917
328.647658	0.591917
328.882783	0.591816
329.117908	0.591816
329.599357	0.591816
329.652727	0.591816
329.846424	0.591816
329.873109	0.591615
330.161611	0.591615
330.670488	0.591615
330.685231	0.591716
331.232742	0.591716
331.389489	0.591615
331.688248	0.591515
331.766251	0.591515
332.067437	0.591515
332.497936	0.591515
332.969503	0.591416
332.852500	0.591515
332.928817	0.591515
333.478380	0.591515
333.319947	0.591515
333.622819	0.591515
334.092694	0.591316
334.247014	0.591515
334.274449	0.591515
334.875329	0.591515
334.914330	0.591515
335.149080	0.591416
335.293144	0.591416
335.317777	0.591416
335.711334	0.591416
335.723651	0.591217
336.075780	0.591416
336.650717	0.591217
336.663034	0.591217
336.963845	0.591217
337.262604	0.591217
337.458352	0.591316
337.407035	0.591217
337.617160	0.591316
337.627791	0.591316
338.140413	0.591316
338.412479	0.591316
338.935732	0.591217
339.168429	0.591217
339.222174	0.591217
339.561987	0.591116
340.070871	0.591016
340.124241	0.591116
340.620434	0.590917
340.420940	0.591016
340.816557	0.591016
341.349691	0.591016
341.689511	0.590917
341.714511	0.590817
341.873319	0.591016
342.186072	0.591016
342.379768	0.591016
342.550892	0.590917
343.150087	0.590817
343.008451	0.590917
342.981765	0.590917
343.230517	0.590917
343.361329	0.590917
343.960524	0.590817
344.378340	0.590716
344.627466	0.590817
344.796530	0.590615
344.955337	0.590716
345.385469	0.590817
345.476530	0.590817
343.608021	0.590817
344.025468	0.590817
344.000836	0.590817
343.895773	0.590817
343.895773	0.590817
344.182216	0.590716
345.292348	0.590716
345.148659	0.590615
345.708853	0.590615
345.618166	0.590716
345.618166	0.590817
345.815975	0.590817
345.853291	0.590716
345.764658	0.590615
345.918978	0.590615
346.180788	0.590716
346.374484	0.590615
346.532917	0.590615
346.726613	0.590615
347.002799	0.590615
347.134172	0.590615
347.119803	0.590615
347.249866	0.590517
347.420615	0.590615
347.496932	0.590517
347.890490	0.590416
348.569748	0.590316
348.413742	0.590517
348.909935	0.590615
348.673500	0.590615
349.145060	0.590416
349.326065	0.590316
349.182376	0.590416
349.612883	0.590517
350.004013	0.590517
350.031073	0.590517
350.383202	0.590416
350.529693	0.590416
350.813333	0.590416
348.791246	0.590416
349.248063	0.590416
349.497189	0.590416
348.739561	0.590416
348.751502	0.590416
348.673125	0.590316
348.790504	0.590416
348.817189	0.590416
348.738811	0.590416
348.621440	0.590416
348.712126	0.590316
348.829505	0.590416
348.843874	0.590316
348.724443	0.590217
348.685441	0.590316
348.609124	0.590316
348.660809	0.590316
348.817189	0.590416
348.557806	0.590416
348.543437	0.590517
348.765871	0.590517
349.078999	0.590416
350.123444	0.590416
350.383202	0.590316
350.422203	0.590217
350.684013	0.590316
351.009457	0.590316
351.442016	0.590117
352.694159	0.590217
352.498778	0.590016
352.758160	0.590117
352.772529	0.590117
352.955969	0.590117
353.215352	0.590217
353.295782	0.590117
353.373784	0.590117
353.450477	0.590217
353.413160	0.590217
353.555907	0.590217
353.753348	0.590117
354.313542	0.590016
354.181794	0.589915
354.365602	0.589915
354.560983	0.589915
354.680415	0.590016
354.758792	0.590016
355.018175	0.590117
355.226240	0.590117
355.357612	0.589915
355.539367	0.590016
355.619797	0.590016
356.023244	0.590016
356.115990	0.590016
356.218993	0.590016
356.336746	0.590016
356.754561	0.590016
357.013944	0.589915
357.106690	0.589817
357.119007	0.589915
357.133750	0.589915
357.380817	0.589915
357.732946	0.589817
358.021816	0.589817
358.034132	0.589915
358.127253	0.589716
358.374319	0.589915
358.401004	0.589817
358.465381	0.589915
358.753133	0.589915
359.156955	0.589817
359.314077	0.589716
359.599770	0.589817
359.876331	0.589817
360.424209	0.589616
360.567898	0.589616
360.578529	0.589817
361.350533	0.589517
361.260214	0.589716
361.350533	0.589716
361.703037	0.589517
362.324623	0.589616
360.201025	0.589716
359.887898	0.589716
359.861212	0.589616
359.861212	0.589616
359.809895	0.589716
359.939583	0.589616
360.201400	0.589616
360.150082	0.589817
360.722218	0.589817
360.502211	0.589716
360.463210	0.589716
360.736962	0.589616
360.830083	0.589716
361.128467	0.589616
361.427593	0.589716
362.016164	0.589616
361.925846	0.589616
362.525416	0.589616
363.138980	0.589417
363.427482	0.589517
363.738550	0.589417
364.222427	0.589517
364.692309	0.589517
365.186442	0.589517
365.540998	0.589517
366.181255	0.589316
366.311692	0.589316
366.468072	0.589417
366.937947	0.589417
366.900631	0.589417
367.265076	0.589417
367.615520	0.589417
368.361581	0.589417
368.491269	0.589217
368.817088	0.589316
369.195902	0.589316
369.704411	0.589217
369.785216	0.589217
370.137345	0.589217
370.345410	0.589016
370.777976	0.589117
371.089044	0.589217
371.469918	0.589117
371.599980	0.589117
372.030486	0.589016
372.580049	0.588916
372.683052	0.589117
372.879176	0.589016
372.957553	0.589016
373.294938	0.589016
373.282622	0.589117
373.662186	0.589117
373.935937	0.589016
373.845618	0.588817
374.302442	0.588916
374.407872	0.588817
374.498566	0.589016
375.046444	0.588817
375.347255	0.589016
375.332886	0.589016
375.790078	0.588817
375.870508	0.589016
376.416333	0.588916
376.939586	0.588916
377.318400	0.588916
377.578150	0.588817
377.577782	0.588817
378.231097	0.588717
378.478164	0.588817
378.754350	0.588717
379.014100	0.588717
379.500037	0.588717
380.136548	0.588817
380.202984	0.588817
380.593739	0.588817
380.608858	0.588717
380.975731	0.588717
381.430862	0.588717
381.927055	0.588717
382.264815	0.588717
382.448622	0.588517
382.697374	0.588616
383.022818	0.588616
383.311688	0.588616
383.298629	0.588417
383.531694	0.588517
383.832513	0.588517
384.093948	0.588417
384.353706	0.588517
384.551140	0.588417
384.656202	0.588517
384.942645	0.588517
385.124025	0.588316
385.464212	0.588417
385.987090	0.588417
386.246840	0.588316
386.495966	0.588216
386.562028	0.588417
386.652721	0.588417
386.875155	0.588316
387.161598	0.588316
387.149656	0.588216
387.775537	0.588316
387.930232	0.588316
388.064039	0.588216
388.311106	0.588316
388.700551	0.588117
388.910676	0.588117
389.277548	0.588216
389.656362	0.588016
389.786057	0.588117
390.358193	0.588117
390.529684	0.588016
390.659746	0.588016
391.221633	0.588016
391.351320	0.588117
391.730703	0.588016
389.379809	0.588117
389.460239	0.587916
389.367492	0.588117
389.235745	0.588016
389.211112	0.588016
389.196743	0.587916
389.262805	0.588016
390.645377	0.587817
390.766869	0.587916
391.195315	0.587916
391.850316	0.587916
392.083013	0.587916
392.043637	0.587717
392.147014	0.587916
392.581633	0.587817
392.917333	0.587916
393.179143	0.587717
393.467271	0.587817
393.623651	0.587717
393.831716	0.587817
394.132528	0.587717
394.472340	0.587618
394.550718	0.587817
394.746467	0.587618
395.071910	0.587817
395.007909	0.587717
395.111287	0.587717
395.216349	0.587717
395.451099	0.587516
395.543846	0.587717
395.815544	0.587717
395.830288	0.587516
396.380226	0.587516
396.691668	0.587516
397.241606	0.587417
397.395926	0.587618
397.972924	0.587516
398.374685	0.587618
398.482175	0.587618
399.486877	0.587316
399.367071	0.587516
399.667882	0.587516
399.707258	0.587516
399.655941	0.587516
400.267077	0.587316
400.477577	0.587417
398.611120	0.587417
398.975566	0.587417
398.845878	0.587316
398.806877	0.587417
398.845878	0.587516
398.963249	0.587516
398.782244	0.587516
398.740815	0.587417
398.924248	0.587516
398.806877	0.587618
398.897563	0.587516
399.014942	0.587516
398.897563	0.587516
398.821246	0.587417
398.689498	0.587516
398.833562	0.587316
398.870878	0.587417
398.845878	0.587516
398.833562	0.587516
398.821246	0.587618
398.872563	0.587618
398.845878	0.587516
399.002251	0.587516
398.779817	0.587516
398.950566	0.587516
399.670684	0.587417
400.908076	0.587316
401.365642	0.587316
402.514776	0.587316
402.383403	0.587417
402.867654	0.587216
403.312155	0.587216
403.180407	0.587316
403.427848	0.587316
403.623597	0.587316
403.728660	0.587216
403.755345	0.587216
403.767661	0.587316
404.080788	0.587316
404.251912	0.587216
404.420601	0.587216
404.486662	0.587216
404.824422	0.587216
404.719360	0.587216
405.112918	0.587216
405.242612	0.587117
405.242612	0.587216
405.570109	0.587117
405.765865	0.587117
406.052300	0.587017
406.287058	0.586918
406.468063	0.587117
406.978999	0.587117
407.226441	0.587117
407.346247	0.587017
407.840380	0.587017
407.894125	0.586918
408.258570	0.587017
408.532696	0.587017
408.545012	0.586918
409.173695	0.586918
409.369076	0.586818
409.797523	0.586918
410.281774	0.586818
410.660588	0.586918
410.947031	0.586717
411.301587	0.586818
411.822412	0.586818
411.927475	0.586818
412.448667	0.586818
412.920603	0.586717
413.023605	0.586518
413.363418	0.586616
414.040990	0.586717
414.003674	0.586616
414.080367	0.586616
414.473924	0.586518
414.955748	0.586616
415.295561	0.586616
415.373938	0.586616
415.437940	0.586518
415.374306	0.586518
416.117940	0.586518
415.975936	0.586317
416.379750	0.586518
417.020007	0.586518
416.797940	0.586518
416.354557	0.586417
415.817128	0.586317
415.870873	0.586616
416.301380	0.586417
416.496754	0.586518
416.511872	0.586518
416.834514	0.586518
417.201386	0.586518
417.240388	0.586317
417.502198	0.586518
418.127711	0.586417
418.258148	0.586317
418.402579	0.586518
419.043211	0.586417
419.042836	0.586218
419.407281	0.586417
419.473342	0.586317
419.681407	0.586218
420.072538	0.586317
420.400409	0.586317
420.791914	0.586317
420.857975	0.586317
420.856290	0.586218
421.731297	0.586117
421.704612	0.586017
421.653294	0.586218
422.044424	0.586017
422.294293	0.586117
422.462989	0.586117
423.010867	0.585918
423.535805	0.586218
423.744245	0.586017
424.226436	0.586017
424.930694	0.586117
425.206506	0.586117
425.806076	0.586017
425.989516	0.586017
426.549710	0.586017
426.992900	0.586017
427.489092	0.586017
427.802220	0.585818
428.039030	0.585918
428.888094	0.585717
429.304224	0.585818
430.698564	0.585617
428.338156	0.585918
428.326215	0.585717
429.891853	0.585818
431.681243	0.585717
431.718934	0.585818
432.073490	0.585818
432.882810	0.585617
433.533698	0.585518
434.096320	0.585617
434.619572	0.585518
435.375148	0.585617
436.330024	0.585518
436.422395	0.585417
437.413096	0.585518
438.444482	0.585317
439.097798	0.585417
439.515045	0.585417
440.507056	0.585317
440.964247	0.585317
441.212063	0.585317
442.280391	0.585218
442.517944	0.585218
443.510329	0.585218
444.070898	0.585017
445.139601	0.585118
445.257722	0.585118
445.793283	0.585118
446.069470	0.585118
446.588235	0.585118
447.439359	0.585017
447.466044	0.584917
447.532480	0.584818
448.875309	0.584917
449.215122	0.584818
449.150178	0.584717
450.142189	0.584917
450.205822	0.584818
450.624013	0.584818
451.223208	0.584818
451.590080	0.584617
452.670918	0.584818
449.997008	0.584617
449.828319	0.584818
449.618194	0.584818
449.579192	0.584717
449.605877	0.584818
449.605877	0.584818
449.500815	0.584917
449.591509	0.584818
449.671939	0.584818
449.552507	0.584717
449.513506	0.584717
449.435128	0.584717
449.383811	0.584717
449.422812	0.584717
449.501190	0.584518
449.527875	0.584717
449.461814	0.584818
449.527875	0.584717
449.671939	0.584617
449.606252	0.584518
449.488874	0.584617
450.912508	0.584717
451.041828	0.584717
451.394332	0.584717
451.902833	0.584617
452.243021	0.584617
452.255337	0.584518
452.646842	0.584617
453.037972	0.584617
453.169720	0.584617
453.235781	0.584617
453.299782	0.584418
453.705656	0.584418
453.913721	0.584518
454.031100	0.584617
454.084845	0.584518
454.278541	0.584518
454.618354	0.584518
454.816163	0.584518
454.970858	0.584518
455.283985	0.584518
455.703861	0.584518
455.821607	0.584518
456.134734	0.584219
456.630927	0.584219
456.643243	0.584319
456.877994	0.584319
457.152120	0.584219
457.661004	0.584319
458.103819	0.584219
458.000816	0.584319
458.196565	0.584319
458.979200	0.584219
459.199582	0.584219
459.695774	0.584319
459.620199	0.584219
460.231711	0.584219
460.363459	0.584219
460.454152	0.584118
460.166024	0.584118
460.454520	0.584118
461.041406	0.584017
461.290900	0.584118
461.577717	0.583917
462.022218	0.584017
462.007849	0.584017
462.073535	0.584017
462.242974	0.584017
462.347662	0.584017
462.803168	0.583917
462.753535	0.584017
462.973917	0.584017
463.287044	0.583917
463.482426	0.584017
463.653549	0.584017
463.731920	0.584017
464.475179	0.583917
464.646302	0.583917
465.048064	0.583917
465.167495	0.583818
465.140810	0.583818
465.416622	0.583917
465.282814	0.583818
463.691801	0.583917
464.736621	0.583818
464.397176	0.583718
464.370491	0.583818
464.487870	0.583818
464.448868	0.583818
464.541615	0.583818
464.463237	0.583917
464.475554	0.583818
464.800997	0.583917
464.984430	0.583818
465.114125	0.583917
465.101809	0.583818
465.231496	0.583818
465.519999	0.583818
465.532315	0.583818
465.532315	0.583818
465.532315	0.583818
465.363619	0.583619
465.453938	0.583718
465.402620	0.583619
466.119194	0.583718
466.694132	0.583818
466.862828	0.583718
467.058577	0.583619
467.214957	0.583518
467.373765	0.583619
467.464826	0.583718
467.413883	0.583718
468.132142	0.583818
468.469895	0.583718
468.482211	0.583718
468.756337	0.583718
468.849084	0.583619
468.966463	0.583718
469.372336	0.583718
469.475339	0.583619
469.421969	0.583619
469.971907	0.583518
470.520159	0.583619
471.082413	0.583518
471.393481	0.583518
471.838731	0.583518
472.569306	0.583518
473.039181	0.583418
473.117559	0.583418
473.327309	0.583317
473.484057	0.583418
473.743439	0.583418
474.056942	0.583518
474.487073	0.583418
474.594563	0.583518
475.181817	0.583217
475.154757	0.583317
475.208877	0.583317
475.610638	0.583418
475.898766	0.583217
476.263953	0.583217
477.048274	0.583317
477.205021	0.583118
477.530465	0.583118
477.674529	0.583217
477.740216	0.583217
478.302469	0.583217
478.275784	0.583217
478.119404	0.583118
478.393531	0.583217
479.046471	0.583118
479.110105	0.583118
479.449917	0.583018
479.907109	0.583018
479.985486	0.583118
480.286298	0.583118
480.626110	0.582919
480.494363	0.583018
480.692172	0.583018
480.834175	0.583018
481.291367	0.583018
481.499807	0.583018
482.619645	0.583018
480.024855	0.583118
479.802421	0.583118
479.802421	0.582919
479.816790	0.583018
479.895167	0.582919
480.024855	0.583018
480.037171	0.583018
479.829106	0.583018
479.711727	0.583018
479.790105	0.583118
481.147678	0.583018
481.605244	0.582919
482.231124	0.582919
482.441250	0.583018
482.977186	0.582818
483.732761	0.582919
483.835764	0.582818
484.190695	0.582919
484.892525	0.582718
485.195397	0.582818
485.337775	0.582718
485.325084	0.582919
485.313143	0.582919
486.108094	0.582818
486.407221	0.582818
486.812352	0.582818
486.592713	0.582718
487.061846	0.582818
487.597790	0.582718
487.676160	0.582818
488.419794	0.582818
488.627859	0.582718
488.810924	0.582718
489.282859	0.582619
489.293490	0.582718
489.451923	0.582619
490.168872	0.582619
490.300620	0.582619
490.755751	0.582619
490.770495	0.582619
491.435384	0.582418
491.435751	0.582619
491.880259	0.582619
492.218387	0.582517
492.022638	0.582418
491.959004	0.582418
492.675578	0.582318
492.795384	0.582517
493.353151	0.582418
493.773768	0.582418
493.759399	0.582318
494.060211	0.582418
494.556404	0.582418
494.881847	0.582418
494.948276	0.582219
495.510530	0.582418
495.247035	0.582418
496.435544	0.582418
496.552915	0.582318
497.022798	0.582418
497.610052	0.582418
497.961806	0.582318
498.315995	0.582219
498.499802	0.582118
498.812930	0.582219
499.321439	0.582118
499.566820	0.582018
499.439185	0.582118
499.935378	0.582219
500.455453	0.582118
496.724039	0.582118
497.244490	0.582219
497.440238	0.582318
497.557617	0.582219
497.425870	0.582018
497.413553	0.582018
497.440238	0.582219
497.584677	0.582118
497.374552	0.582219
497.623678	0.582118
498.521826	0.582018
498.798186	0.582219
498.798186	0.582018
498.810502	0.582118
499.397756	0.582118
499.373499	0.581919
500.026072	0.582118
500.143443	0.582018
500.507888	0.582118
501.239581	0.581919
501.398013	0.581919
501.853520	0.582018
502.373970	0.581919
502.780586	0.582018
503.105655	0.582018
503.550538	0.582118
504.047473	0.582018
504.582667	0.582018
504.974540	0.581819
505.065233	0.581919
505.652112	0.581919
506.395371	0.581718
506.879623	0.581718
507.127064	0.581819
507.284186	0.581718
508.041814	0.581819
508.211253	0.581819
508.589699	0.581819
508.876509	0.581718
509.282016	0.581718
509.687515	0.581718
509.620143	0.581718
509.895955	0.581519
510.301829	0.581718
510.991343	0.581718
511.094720	0.581718
511.527654	0.581718
511.984471	0.581620
512.038591	0.581620
512.872543	0.581620
512.545782	0.581620
513.133979	0.581519
513.889554	0.581519
514.007300	0.581519
513.772550	0.581418
514.073361	0.581418
514.308486	0.581519
514.203424	0.581318
514.465241	0.581418
514.687308	0.581519
515.208126	0.581519
515.404249	0.581519
515.717752	0.581519
515.849125	0.581519
516.277946	0.581318
516.344007	0.581519
516.529500	0.581519
516.710505	0.581418
517.036323	0.581219
517.273134	0.581318
517.625262	0.581219
517.909645	0.581219
518.303203	0.581219
518.799395	0.581318
519.176157	0.581318
519.295963	0.581219
519.802412	0.581318
520.066282	0.581318
520.313723	0.581119
520.768480	0.581219
521.149729	0.581119
521.514541	0.581219
521.736983	0.581018
521.749299	0.581219
522.348119	0.581219
522.558619	0.581219
522.754368	0.581219
522.871747	0.581219
522.884431	0.581219
523.131872	0.581018
523.356366	0.581018
523.419999	0.581119
523.603432	0.581018
524.136941	0.581119
524.215318	0.581119
524.359382	0.580919
524.530506	0.581018
524.672510	0.580919
524.257122	0.581018
524.790256	0.581018
524.856317	0.580919
525.054126	0.580819
525.912704	0.580919
526.357579	0.580819
526.656338	0.580919
527.128273	0.581018
527.534147	0.580919
525.246705	0.580919
525.014932	0.580718
525.809327	0.580919
525.599576	0.580919
527.453342	0.580718
529.072358	0.580819
528.473530	0.580819
528.889292	0.580519
528.798974	0.580618
529.021782	0.580618
529.740042	0.580618
530.107289	0.580519
530.366672	0.580618
530.889924	0.580618
531.203052	0.580618
531.125049	0.580519
531.098364	0.580519
531.555556	0.580419
532.127691	0.580519
532.418246	0.580618
532.834751	0.580419
532.976755	0.580519
533.631755	0.580519
533.982199	0.580419
534.779203	0.580318
535.106707	0.580519
535.613156	0.580419
535.615584	0.580419
535.992345	0.580219
535.980029	0.580419
535.876651	0.580419
536.789724	0.580318
536.753150	0.580318
536.843469	0.580318
537.102852	0.580419
537.220598	0.580318
537.743476	0.580119
538.094294	0.580219
538.382422	0.580318
539.257429	0.580318
539.192110	0.580318
539.622616	0.580119
540.067491	0.580318
540.145869	0.580219
540.679378	0.580119
541.008934	0.580119
541.283060	0.580219
541.816194	0.580219
541.999260	0.580119
542.351763	0.580119
542.508511	0.580119
543.005078	0.580020
543.499211	0.580020
543.655959	0.580119
544.073781	0.580219
544.819468	0.580119
544.961847	0.580020
545.431354	0.580020
545.458414	0.580119
545.524476	0.580119
545.563844	0.580119
546.163040	0.580020
546.830356	0.580020
546.828671	0.580020
546.960793	0.579918
547.168116	0.580020
547.533304	0.580020
548.107499	0.580020
547.939178	0.580020
548.279365	0.579918
548.382742	0.579819
548.722180	0.579918
549.518817	0.579918
