25.647000	0.601599
25.647000	0.601599
25.400727	0.601495
25.471344	0.601392
26.099703	0.601186
26.306134	0.600877
26.359879	0.600568
26.373078	0.599949
26.661485	0.599847
27.155852	0.599538
26.974568	0.599227
27.196958	0.598918
27.314520	0.598713
27.561866	0.598404
27.562006	0.598095
27.994660	0.597682
28.110075	0.597373
28.215225	0.597270
28.514263	0.596961
28.282499	0.596753
28.610371	0.596239
28.348228	0.596034
28.895922	0.595725
29.353856	0.595209
29.239235	0.594900
29.577179	0.594178
29.892271	0.594074
29.956132	0.593458
30.176051	0.593355
30.464318	0.592839
30.528599	0.592426
30.738444	0.592015
30.751643	0.591499
31.142633	0.591395
31.066874	0.590777
31.184297	0.590572
31.443261	0.590160
31.626649	0.589952
31.889209	0.589542
32.044884	0.589336
32.345232	0.588922
32.450853	0.588716
32.568555	0.588306
32.671278	0.588098
32.698809	0.587584
32.999341	0.587273
33.143588	0.586964
33.442487	0.586346
33.352587	0.586243
33.861140	0.585728
33.900560	0.585316
33.913619	0.585007
34.162466	0.584389
34.304845	0.584080
34.590728	0.583875
34.827208	0.583564
34.773558	0.583153
35.034950	0.582637
35.115475	0.582432
35.269751	0.582226
35.362542	0.581606
35.492045	0.581505
35.673102	0.581194
35.856167	0.580988
35.816931	0.580576
36.051872	0.580163
36.130293	0.580062
36.288822	0.579649
36.406428	0.579545
36.677848	0.579133
36.564065	0.578722
36.681253	0.578411
36.890959	0.578206
37.057456	0.578001
37.150577	0.577588
36.994991	0.577279
37.370862	0.577175
37.529993	0.576763
37.687116	0.576557
37.778368	0.576248
37.999920	0.575732
38.117343	0.575423
38.286458	0.575218
38.298164	0.575011
38.442088	0.574702
38.389880	0.574289
38.638815	0.574084
38.875302	0.573569
38.861161	0.573466
39.083462	0.572950
39.278836	0.572848
39.566212	0.572435
39.448554	0.572228
39.461664	0.572023
39.918900	0.571405
39.957761	0.571405
39.879575	0.570787
40.009777	0.570478
40.468698	0.570271
40.390930	0.569858
41.963571	0.569653
42.454244	0.569242
41.602110	0.569035
41.646748	0.568622
41.280295	0.568002
41.347422	0.567488
41.660182	0.567075
41.949096	0.566561
42.209745	0.566148
42.521702	0.565634
42.652237	0.564913
42.561734	0.564602
42.860213	0.564396
43.108913	0.564087
43.394797	0.563467
43.397041	0.563262
43.553605	0.562748
43.735081	0.562234
43.957235	0.561923
44.165072	0.561614
44.113895	0.561203
44.335307	0.560687
44.529282	0.560274
44.516966	0.559965
44.737915	0.559862
44.514408	0.559553
45.062984	0.559347
45.466624	0.559038
44.890839	0.558935
44.906325	0.558524
44.921399	0.558317
45.897314	0.558008
44.253385	0.557904
45.192584	0.557595
45.480057	0.557388
45.689807	0.557286
45.662608	0.556977
45.428835	0.556874
45.844642	0.556666
45.779698	0.556461
46.109813	0.556051
47.552303	0.555945
45.755066	0.555638
46.460352	0.555534
46.383381	0.555225
46.658066	0.554813
46.709942	0.554607
46.863703	0.554091
48.020309	0.554195
47.464958	0.553782
46.991820	0.553782
45.612354	0.553577
48.870543	0.553266
47.606553	0.553061
48.025162	0.552957
47.517437	0.552752
47.466399	0.552339
47.558307	0.552030
47.804815	0.551721
47.687304	0.551412
47.843868	0.551308
47.936658	0.551103
49.587546	0.550898
48.216390	0.551000
47.720198	0.550898
47.615370	0.550898
47.551928	0.551103
47.510822	0.550898
47.578752	0.550898
47.564472	0.551000
47.603473	0.551000
47.539611	0.550898
47.447005	0.550792
47.303360	0.550898
47.212438	0.550691
47.386258	0.550898
48.479229	0.550691
47.527477	0.550587
47.425775	0.550485
47.751454	0.550176
48.052589	0.550073
47.948556	0.549764
47.987601	0.549556
48.446285	0.549247
48.432798	0.549042
48.549103	0.548630
48.666945	0.548321
48.420761	0.548113
48.969153	0.547908
48.891430	0.547599
49.569012	0.547290
49.649109	0.546877
49.687552	0.546672
49.714516	0.546465
50.039166	0.545951
50.464410	0.545951
50.667612	0.545540
50.222832	0.545125
50.537130	0.544920
49.832400	0.544611
50.236598	0.544404
50.864583	0.543890
50.734188	0.543581
51.136884	0.543168
51.424497	0.542961
51.448711	0.542755
51.410173	0.542446
51.268308	0.542241
51.763847	0.541932
51.959647	0.541520
51.881645	0.541416
52.116255	0.541003
52.062929	0.540798
52.350682	0.540489
52.323718	0.540282
52.479907	0.540282
52.465538	0.539871
52.648926	0.539767
52.663626	0.539562
52.624948	0.539253
52.766908	0.538841
53.016034	0.538633
53.053211	0.538324
53.226483	0.538324
53.432260	0.538015
53.549403	0.537808
53.408142	0.537603
53.630488	0.537192
53.706665	0.537192
53.787235	0.536676
53.916695	0.536572
54.165682	0.536265
54.283288	0.536162
54.190542	0.535851
54.037479	0.535336
54.335260	0.535336
54.518369	0.534924
54.699470	0.534718
54.804532	0.534513
54.843019	0.534306
54.687198	0.533997
55.170751	0.533893
55.092190	0.533584
55.092469	0.533584
55.221693	0.533379
55.273055	0.533172
55.337108	0.532966
55.324931	0.532657
55.431819	0.532450
55.535012	0.532348
55.613294	0.532245
55.782358	0.531936
55.821264	0.531731
55.719003	0.531627
55.809697	0.531214
56.056528	0.531214
56.188974	0.530905
56.254433	0.530802
56.305934	0.530493
56.345538	0.530287
56.462681	0.530082
56.592795	0.529771
56.725146	0.529462
56.581552	0.529462
56.921225	0.529153
57.075920	0.528844
57.286089	0.528432
57.325745	0.528226
57.744773	0.527917
57.588253	0.527608
57.835738	0.527297
58.005929	0.526991
57.953720	0.526783
58.489473	0.526371
58.512892	0.525856
58.813704	0.525753
58.747738	0.525444
58.918906	0.525031
59.078132	0.524722
59.102486	0.524517
59.156275	0.524208
59.545720	0.523897
59.548243	0.523486
59.925144	0.523281
59.873687	0.522765
60.108437	0.522559
60.526348	0.522250
60.424365	0.521734
60.579480	0.521529
60.633181	0.521116
61.050717	0.520807
61.153213	0.520395
61.309865	0.520187
61.373359	0.519777
61.544203	0.519364
61.832375	0.519157
61.818050	0.518746
63.782109	0.518643
61.905439	0.518334
61.773970	0.518230
61.827296	0.518334
61.827296	0.518230
61.773786	0.518025
61.747050	0.518025
61.864333	0.517921
61.734690	0.517817
61.761331	0.517714
61.656643	0.517612
61.644187	0.517508
61.708004	0.517407
61.917755	0.517098
61.891018	0.516992
61.891070	0.516992
61.825008	0.516992
61.839377	0.516787
61.812788	0.516891
61.878518	0.516787
61.968741	0.516685
61.956521	0.516376
61.917380	0.516478
61.812648	0.516376
61.878518	0.516273
62.059340	0.516169
62.032515	0.516169
62.020155	0.516065
61.851598	0.516065
61.956616	0.515962
62.151851	0.515858
62.139490	0.515756
61.944161	0.515653
61.981058	0.515653
62.034619	0.515551
62.085885	0.515551
62.034523	0.515551
61.942012	0.515344
62.166131	0.515344
62.490502	0.515344
62.385021	0.515344
61.540756	0.515344
62.313773	0.515242
62.375216	0.515035
62.428586	0.514827
62.572650	0.514622
62.389541	0.514417
62.702294	0.514108
62.831989	0.514108
62.627329	0.513799
63.004649	0.513592
63.109616	0.513386
63.277369	0.513077
63.499061	0.512768
63.721127	0.512457
63.762137	0.512356
63.774872	0.512252
64.009534	0.512148
64.075500	0.511943
64.034534	0.511738
64.022637	0.511531
64.349810	0.511120
64.531660	0.511016
64.703012	0.510811
64.624406	0.510604
64.832236	0.510398
64.936226	0.510191
65.105995	0.509986
65.131512	0.509778
65.440869	0.509778
63.801697	0.509573
65.274265	0.509470
65.261905	0.509368
65.197615	0.508955
65.720353	0.508852
65.486022	0.508646
65.852520	0.508337
65.786738	0.508234
65.080515	0.507925
66.347446	0.507410
66.334762	0.507410
66.438980	0.507100
66.674200	0.506894
66.661561	0.506585
66.646119	0.506276
66.803285	0.506276
66.517453	0.506069
67.297060	0.505864
66.841449	0.505658
67.390635	0.505555
68.046000	0.505246
67.303160	0.504730
67.914350	0.504626
67.770103	0.504421
67.848480	0.504215
68.056266	0.504010
66.440279	0.503699
67.823140	0.503494
67.550001	0.503081
67.655892	0.502874
68.450329	0.502567
68.713685	0.502258
69.218972	0.501947
67.824493	0.501947
68.489749	0.501536
69.430442	0.501433
69.118344	0.501020
69.861088	0.500607
69.601566	0.500506
70.029454	0.500298
69.887634	0.499886
70.450167	0.499681
70.422784	0.499268
70.799268	0.499164
70.290896	0.498959
70.605753	0.498754
70.139198	0.498546
70.295385	0.498754
69.358611	0.498546
70.653335	0.498650
70.616105	0.498443
70.615546	0.498136
70.510204	0.497825
70.525507	0.497721
70.813635	0.497619
70.994735	0.497105
71.124798	0.497002
71.217823	0.496898
71.283789	0.496589
71.557915	0.496485
71.675757	0.495971
71.584738	0.495764
71.938640	0.495558
72.187627	0.495042
72.603669	0.494941
72.603199	0.494733
72.656900	0.494219
72.891326	0.494012
72.904201	0.493806
73.360406	0.493601
73.517065	0.493188
73.504749	0.492776
73.700872	0.492571
74.159556	0.492158
74.053839	0.491953
74.185962	0.491540
74.381850	0.491231
74.589636	0.490715
74.851593	0.490406
75.150161	0.490201
75.411089	0.489583
75.516710	0.489274
75.750901	0.489066
75.895340	0.488552
75.932421	0.488448
76.443078	0.488036
76.378563	0.487727
76.587002	0.487522
76.665564	0.487109
76.612002	0.486800
76.807942	0.486595
76.952374	0.486180
77.369542	0.485975
77.240178	0.485458
77.670074	0.485357
77.722090	0.485048
77.867131	0.484635
78.023041	0.484430
78.193886	0.484017
78.218841	0.483810
78.610346	0.483605
78.532572	0.483399
78.727718	0.482987
78.965182	0.482574
79.197880	0.482473
79.446491	0.482058
79.588216	0.481751
79.170540	0.481442
79.588730	0.481235
80.593295	0.480926
80.150889	0.480720
80.501202	0.480513
80.187840	0.480204
80.488693	0.479895
80.541644	0.479690
80.737026	0.479379
80.801402	0.479174
80.920554	0.478865
80.672082	0.478556
81.025660	0.478452
81.351060	0.478143
81.337059	0.477938
81.585766	0.477731
81.678138	0.477422
81.664048	0.477216
81.768971	0.476905
81.990986	0.476700
81.964345	0.476391
82.199566	0.476184
82.265487	0.475978
82.278171	0.475773
82.473133	0.475669
82.395087	0.475155
82.864638	0.475052
83.060108	0.474873
82.879382	0.474602
83.021342	0.474434
83.060203	0.474190
83.022415	0.473919
83.465982	0.473739
83.361154	0.473519
83.829964	0.473340
83.778132	0.473145
83.634303	0.472927
83.727050	0.472785
83.204495	0.472631
83.517858	0.472464
85.069374	0.472206
83.607383	0.472051
84.432327	0.471793
84.471049	0.471472
84.629901	0.471265
84.799663	0.470891
85.151931	0.470673
85.440757	0.470338
85.427226	0.469925
85.857078	0.469706
86.013547	0.469281
86.287350	0.469011
86.483194	0.468651
86.732967	0.468250
86.864252	0.467968
86.966975	0.467659
87.253417	0.467311
87.384981	0.467065
87.568091	0.466771
87.736596	0.466551
87.775737	0.466242
87.841379	0.465919
88.102726	0.465726
88.257281	0.465405
88.349792	0.465224
88.335284	0.464941
88.440574	0.464773
88.635956	0.464502
88.949083	0.464220
88.975629	0.464039
89.053396	0.463807
89.117169	0.463653
89.210386	0.463433
89.368723	0.463175
89.483998	0.462996
89.523183	0.462762
89.588921	0.462557
89.848906	0.462376
89.824046	0.462132
90.072841	0.461990
90.007199	0.461758
90.163623	0.461618
90.215220	0.461372
90.256745	0.461140
90.476611	0.461012
90.489346	0.460781
90.710801	0.460612
90.842269	0.460368
91.025378	0.460110
91.156847	0.459968
91.284202	0.459724
91.298527	0.459569
91.284482	0.459388
91.273711	0.459183
91.338322	0.459014
91.756417	0.458783
91.717232	0.458604
91.834559	0.458346
91.964761	0.458100
92.277845	0.457907
92.292074	0.457689
92.448498	0.457520
92.526971	0.457277
92.565502	0.457096
92.656056	0.456941
92.707278	0.456748
92.788546	0.456594
92.839768	0.456362
93.047605	0.456116
93.099246	0.455988
93.269576	0.455821
93.333254	0.455667
93.374778	0.455486
93.492106	0.455280
93.467664	0.455163
93.687906	0.454919
93.699847	0.454803
93.988533	0.454610
93.883375	0.454404
93.949856	0.454274
93.766274	0.454016
94.355911	0.453823
94.538602	0.453541
94.707202	0.453270
94.903142	0.453089
95.034655	0.452807
95.046831	0.452691
95.283685	0.452421
95.360098	0.452175
95.529162	0.451994
95.568119	0.451776
95.751368	0.451583
95.909522	0.451337
96.116093	0.451093
96.326681	0.450927
96.351078	0.450681
96.953311	0.450488
96.639625	0.450217
96.706193	0.449959
96.887389	0.449792
97.058697	0.449484
97.307588	0.449290
97.410451	0.449006
97.540330	0.448748
97.659996	0.448569
97.944055	0.448284
98.167937	0.448079
98.338267	0.447758
98.455411	0.447461
98.377408	0.447254
98.755943	0.446959
98.756082	0.446752
98.716662	0.446508
99.095851	0.446237
99.316188	0.446030
99.303453	0.445825
99.484274	0.445644
99.616118	0.445439
99.694348	0.445219
99.904054	0.445052
99.798992	0.444807
100.033933	0.444652
99.890611	0.444408
100.802385	0.444278
99.585280	0.444201
100.029692	0.444162
99.963910	0.444138
99.978610	0.444073
99.900328	0.444008
99.925239	0.443945
99.808044	0.443906
99.847141	0.443841
99.847281	0.443764
99.886187	0.443699
99.937644	0.443622
99.949960	0.443571
99.861466	0.443506
99.847002	0.443428
99.781359	0.443363
99.717542	0.443300
99.744323	0.443223
100.005434	0.443170
99.991110	0.443093
99.820500	0.443042
99.742174	0.442991
99.729763	0.442900
100.030155	0.442849
100.015786	0.442772
99.795640	0.442733
99.937504	0.442642
100.095797	0.442591
99.807817	0.442540
99.846958	0.442475
100.095797	0.442410
99.873503	0.442371
99.834502	0.442282
100.120430	0.442243
99.807765	0.442193
100.134659	0.442166
100.343797	0.442077
99.888377	0.441934
100.281472	0.441819
100.397165	0.441652
100.594879	0.441534
100.749478	0.441367
100.751861	0.441213
100.905998	0.441071
101.101982	0.440904
101.248054	0.440788
101.260370	0.440607
101.326476	0.440441
101.560763	0.440325
101.586093	0.440119
101.742518	0.440016
101.794857	0.439808
101.990143	0.439603
102.094874	0.439475
102.122030	0.439294
102.329816	0.439190
102.486798	0.439010
102.579640	0.438816
102.930084	0.438676
102.879002	0.438430
102.930459	0.438290
103.153223	0.438056
103.323972	0.437825
103.544118	0.437658
103.583355	0.437453
103.675866	0.437310
103.805370	0.437105
103.885756	0.436898
104.027620	0.436755
104.157315	0.436601
104.275297	0.436461
104.407184	0.436268
104.588145	0.436060
104.705707	0.435932
104.615344	0.435763
104.759408	0.435635
104.876552	0.435442
104.981798	0.435276
105.295110	0.435146
105.346567	0.434965
105.309949	0.434837
105.542411	0.434644
105.647430	0.434438
105.713814	0.434284
105.973755	0.434064
106.039258	0.433896
106.312921	0.433678
106.300605	0.433485
106.354394	0.433343
106.418351	0.433176
106.665190	0.433022
106.912021	0.432841
106.848108	0.432660
107.199958	0.432544
106.769922	0.432351
107.068960	0.432247
107.411295	0.432015
107.462282	0.431810
107.487289	0.431680
107.684584	0.431463
107.682340	0.431347
107.735710	0.431192
107.919011	0.430985
107.918915	0.430895
108.101980	0.430753
108.153342	0.430625
108.138833	0.430483
108.126796	0.430367
108.217255	0.430239
108.361319	0.430070
108.544751	0.429954
108.454807	0.429788
108.716573	0.429672
108.807216	0.429503
108.924918	0.429324
109.145159	0.429194
109.054752	0.429001
109.160182	0.428897
109.433566	0.428719
109.433471	0.428525
109.536664	0.428410
109.692949	0.428267
109.785791	0.428125
109.786019	0.427932
110.059498	0.427777
110.099058	0.427662
110.150838	0.427481
110.309690	0.427365
110.451929	0.427172
110.530167	0.427005
110.581948	0.426851
110.816654	0.426657
110.922040	0.426491
111.039279	0.426283
111.247439	0.426078
111.431203	0.425948
111.550634	0.425716
111.705329	0.425538
111.900894	0.425318
111.915403	0.425086
112.215139	0.424918
112.400352	0.424686
112.633469	0.424468
112.789937	0.424210
113.024599	0.423926
113.129801	0.423720
113.430517	0.423450
113.613817	0.423283
113.926945	0.423037
113.951805	0.422755
114.108604	0.422586
114.162445	0.422304
114.463396	0.422135
114.840245	0.421852
114.984632	0.421647
115.193682	0.421324
115.389108	0.421015
115.535085	0.420783
116.092991	0.420474
116.159236	0.420269
116.316035	0.419972
116.618392	0.419663
116.839332	0.419417
116.981108	0.419135
117.269228	0.418826
117.386746	0.418619
117.569628	0.418336
117.817017	0.418131
118.365785	0.417834
118.184221	0.417525
118.301173	0.417318
118.524034	0.417021
118.717215	0.416828
119.059411	0.416533
118.939701	0.416391
119.305596	0.416108
119.303352	0.415889
119.435144	0.415734
119.591759	0.415503
119.748183	0.415334
120.350181	0.415141
119.944072	0.414909
120.220162	0.414728
120.310900	0.414472
120.452764	0.414214
120.621924	0.414072
120.714766	0.413801
120.834756	0.413647
121.054813	0.413389
121.159641	0.413222
121.380066	0.412990
121.499314	0.412732
121.614772	0.412604
121.863715	0.412358
121.890723	0.412204
122.321693	0.411972
122.295427	0.411677
122.464446	0.411521
122.609208	0.411250
123.001132	0.411006
123.287384	0.410748
123.326481	0.410452
123.615071	0.410246
123.849638	0.409964
123.927920	0.409771
124.137854	0.409460
124.593176	0.409151
124.698614	0.408958
124.751704	0.408649
125.012109	0.408456
124.735932	0.408262
125.181363	0.407966
125.337413	0.407773
126.144778	0.407502
125.650357	0.407336
126.003980	0.407077
126.265327	0.406846
126.265283	0.406653
126.433464	0.406421
126.562968	0.406291
126.614749	0.406086
126.863963	0.405854
127.006158	0.405699
127.150222	0.405506
126.993798	0.405352
127.319007	0.405159
127.333566	0.404951
127.541911	0.404797
127.764859	0.404541
127.975264	0.404386
128.143629	0.404128
128.194947	0.403986
128.651580	0.403781
128.573577	0.403535
128.693567	0.403407
128.887123	0.403175
128.757340	0.403033
129.043592	0.402839
130.293963	0.402608
128.195140	0.402557
129.213868	0.402364
129.491076	0.402157
129.816197	0.401848
130.182371	0.401565
130.259526	0.401372
130.599898	0.401049
130.966587	0.400829
131.150534	0.400482
131.527435	0.400148
131.840842	0.399915
131.998995	0.399593
132.351124	0.399400
132.573470	0.399065
132.900310	0.398691
133.055896	0.398473
133.396084	0.398126
133.746109	0.397880
134.022853	0.397545
134.152078	0.397250
134.518436	0.397018
134.648175	0.396707
134.909802	0.396502
135.053211	0.396205
135.026247	0.395961
135.288571	0.395729
135.691878	0.395445
135.706107	0.395240
136.031272	0.394969
136.173276	0.394776
136.344164	0.394544
136.552560	0.394299
136.853930	0.394105
137.010869	0.393796
137.232935	0.393514
137.389587	0.393294
137.570364	0.393012
137.689517	0.392831
137.897398	0.392599
137.988180	0.392353
138.210526	0.392174
138.523653	0.391967
138.535734	0.391788
138.708587	0.391569
138.836501	0.391349
139.058568	0.391195
139.138858	0.390989
139.332275	0.390835
139.464163	0.390654
139.515995	0.390500
139.502133	0.390292
139.750928	0.390036
139.894853	0.389882
139.973414	0.389701
140.326241	0.389443
140.691384	0.389250
140.769203	0.389018
140.405875	0.388798
141.162901	0.388567
139.872916	0.388386
141.814531	0.388193
143.428048	0.387949
141.471229	0.387949
141.919689	0.387794
141.724500	0.387640
141.945536	0.387408
142.025633	0.387099
142.545753	0.386906
142.627072	0.386621
142.899050	0.386428
143.176119	0.386093
143.657000	0.385745
144.090825	0.385514
144.271881	0.385166
144.428769	0.384947
144.728742	0.384638
145.053907	0.384394
145.287915	0.384201
145.561482	0.383942
145.705921	0.383800
145.851190	0.383491
145.966465	0.383221
146.267232	0.383028
146.555543	0.382707
146.697364	0.382526
147.012081	0.382255
146.985579	0.381971
147.219962	0.381816
147.466984	0.381560
147.755715	0.381392
147.860821	0.381160
147.703506	0.380889
148.172499	0.380696
148.551688	0.380438
148.605477	0.380259
148.926217	0.380091
148.638797	0.380052
148.507049	0.380013
147.975172	0.379948
148.606550	0.379743
149.259490	0.379408
149.506652	0.379087
149.675951	0.378867
149.824214	0.378519
150.539715	0.378288
148.964336	0.378145
150.217310	0.378082
150.256546	0.378030
150.231965	0.377902
150.192964	0.377824
150.192868	0.377759
150.180508	0.377656
150.205184	0.377566
150.258790	0.377477
150.192868	0.377400
150.231825	0.377308
150.219509	0.377206
150.246194	0.377154
150.297652	0.377038
150.283187	0.376999
150.270775	0.376910
150.336653	0.376845
150.336653	0.376755
150.309828	0.376678
150.334549	0.376625
150.441524	0.376548
150.350882	0.376497
150.348873	0.376408
150.427016	0.376330
150.426972	0.376292
150.441341	0.376188
150.466061	0.376149
150.414560	0.376060
150.490693	0.376007
150.453561	0.375930
150.453466	0.375853
150.648375	0.375814
150.652294	0.375647
150.691810	0.375454
151.043887	0.375338
151.252327	0.375145
151.513814	0.375015
151.814258	0.374784
151.918946	0.374617
152.035949	0.374525
152.283339	0.374371
152.388122	0.374243
152.426800	0.374088
152.439440	0.373985
152.517678	0.373883
152.819048	0.373729
152.909786	0.373611
153.131940	0.373444
153.027392	0.373290
153.315843	0.373162
153.457943	0.372981
153.641566	0.372838
153.719194	0.372684
153.942010	0.372529
154.071514	0.372414
154.176385	0.372259
154.254579	0.372170
154.504213	0.372027
154.528610	0.371873
154.710462	0.371796
154.844959	0.371588
155.350151	0.371499
154.591729	0.371409
154.910592	0.371190
155.445088	0.371035
155.652410	0.370830
156.159288	0.370777
156.135440	0.370584
156.261871	0.370430
155.493796	0.370365
157.023740	0.370186
156.137125	0.370044
156.529791	0.369785
157.039042	0.369619
157.312845	0.369361
157.547316	0.369117
157.742793	0.368948
158.016684	0.368716
158.160748	0.368485
158.343857	0.368342
158.576275	0.368188
158.681242	0.368060
158.876528	0.367905
158.890618	0.367739
158.630535	0.367584
159.438870	0.367403
159.148280	0.367326
158.302149	0.367196
159.608824	0.366991
159.818111	0.366848
159.584426	0.366631
160.104362	0.366515
160.377511	0.366385
160.118354	0.366180
160.640254	0.366037
159.998462	0.365871
160.772935	0.365716
160.966676	0.365497
161.345402	0.365316
161.478031	0.365200
161.437773	0.365019
161.684656	0.364864
161.763592	0.364671
162.247373	0.364466
162.286095	0.364324
162.337456	0.364182
162.439996	0.364080
162.262203	0.363848
163.421278	0.363641
161.929166	0.363641
162.541611	0.363629
162.502794	0.363602
162.452365	0.363539
162.361767	0.363486
162.425680	0.363423
162.348097	0.363293
162.633885	0.363255
162.414386	0.363127
162.649702	0.362997
162.674283	0.362934
162.832436	0.362803
163.080480	0.362714
163.327502	0.362560
163.042273	0.362379
163.432984	0.362289
163.367018	0.362161
163.313981	0.362096
163.995657	0.361915
163.460409	0.361734
164.530004	0.361606
164.815469	0.361401
165.783545	0.361297
164.713253	0.361104
164.975812	0.360988
165.106443	0.360769
164.153433	0.360602
165.107839	0.360472
165.773610	0.360228
166.045074	0.360074
166.422815	0.359866
166.203507	0.359700
166.372247	0.359572
166.920779	0.359364
166.844601	0.359159
167.326373	0.359031
167.351146	0.358850
167.666282	0.358696
167.705423	0.358488
168.004042	0.358360
167.992049	0.358167
168.278308	0.357948
168.813083	0.357820
168.813222	0.357612
169.141792	0.357472
169.258936	0.357279
171.286298	0.357086
169.369229	0.357098
168.729024	0.357124
168.587248	0.357137
168.430491	0.357098
168.588407	0.357009
168.680595	0.356970
168.668321	0.356828
168.968809	0.356724
169.139367	0.356569
169.361852	0.356427
169.347013	0.356326
168.978560	0.356273
169.568842	0.356132
169.688553	0.355990
169.585078	0.355809
170.210304	0.355655
170.093116	0.355474
170.550771	0.355358
170.969615	0.355102
170.814352	0.354844
171.532611	0.354677
171.843774	0.354405
172.068364	0.354238
172.406587	0.353968
173.110382	0.353710
172.979989	0.353543
173.189641	0.353297
173.541072	0.353118
173.397008	0.352899
173.699128	0.352628
174.324310	0.352447
174.522442	0.352203
174.768014	0.352023
175.267010	0.351752
175.567123	0.351571
175.799585	0.351315
176.167207	0.350992
176.413899	0.350864
176.700062	0.350579
176.700481	0.350335
177.628579	0.350155
177.499031	0.349896
177.525995	0.349730
177.942081	0.349459
177.929625	0.349279
178.295702	0.349059
178.843910	0.348764
178.921215	0.348557
180.295347	0.348262
179.956137	0.347927
180.321141	0.347642
180.726596	0.347283
181.196192	0.347075
181.782240	0.346728
181.743187	0.346522
182.330074	0.346213
182.564640	0.345890
182.943689	0.345673
183.126380	0.345364
183.542186	0.345079
183.673280	0.344925
183.778996	0.344693
184.327205	0.344461
184.549220	0.344230
184.561580	0.343984
184.849568	0.343805
185.161011	0.343573
185.515339	0.343380
185.620306	0.343148
185.801172	0.342914
185.996649	0.342760
186.101476	0.342543
186.141455	0.342374
186.610352	0.342156
186.661810	0.342002
186.805962	0.341807
187.012865	0.341628
186.793557	0.341486
187.211373	0.341319
187.473558	0.341164
187.825128	0.340984
188.032869	0.340803
187.991205	0.340687
188.135453	0.340532
188.045325	0.340339
188.605519	0.340223
188.567645	0.340057
189.101712	0.339914
188.709788	0.339772
188.787747	0.339630
188.865837	0.339540
189.009813	0.339412
189.009673	0.339309
189.048719	0.339181
189.114780	0.339089
189.229680	0.338949
189.229959	0.338845
189.296160	0.338742
189.361472	0.338626
189.466953	0.338522
189.638775	0.338382
189.768139	0.338201
190.911493	0.338189
189.502647	0.338174
189.358958	0.338150
189.332317	0.338136
189.281190	0.338085
189.202997	0.338073
189.244198	0.338008
189.176267	0.337969
189.124906	0.337892
189.217696	0.337853
189.217557	0.337827
189.139275	0.337737
189.242277	0.337725
189.151775	0.337660
189.217513	0.337595
189.203048	0.337557
189.112590	0.337530
189.229917	0.337479
189.244198	0.337402
189.085765	0.337337
189.149487	0.337325
189.293595	0.337274
189.176172	0.337235
189.149487	0.337158
189.305911	0.337105
189.308059	0.337081
189.176172	0.337016
189.281235	0.336989
189.320280	0.336912
189.217277	0.336874
189.176128	0.336835
189.344912	0.336772
189.268639	0.336758
189.215173	0.336707
189.332596	0.336654
189.383914	0.336615
189.254270	0.336565
189.295420	0.336514
189.410555	0.336487
189.307736	0.336422
189.346877	0.336410
189.359053	0.336359
189.398238	0.336321
189.410694	0.336256
189.346642	0.336229
189.358958	0.336191
189.451704	0.336140
189.449696	0.336101
189.371318	0.336050
189.449600	0.336036
189.476381	0.335985
189.383634	0.335947
189.332317	0.335920
189.517486	0.335896
189.449556	0.335843
189.437240	0.335819
189.500917	0.335780
189.437100	0.335754
189.488697	0.335703
189.461916	0.335689
189.412424	0.335638
189.464020	0.335599
189.346458	0.335573
189.099242	0.335508
189.582605	0.335445
189.661261	0.335353
189.896011	0.335252
190.066996	0.335199
190.155350	0.335083
190.194770	0.335058
190.471184	0.334943
190.549282	0.334865
190.679396	0.334762
190.706081	0.334646
190.823644	0.334569
191.085358	0.334465
191.020701	0.334323
191.476112	0.334207
192.053240	0.333975
192.524004	0.333796
193.086302	0.333550
193.399526	0.333319
193.780863	0.333113
194.079291	0.332843
194.419853	0.332688
194.952987	0.332404
195.293593	0.332237
195.919944	0.331953
196.235036	0.331658
196.615247	0.331451
197.149882	0.331180
197.448171	0.331014
197.526504	0.330743
198.191665	0.330497
198.399267	0.330316
198.672974	0.330099
198.975611	0.329867
199.298950	0.329713
199.521296	0.329532
199.758055	0.329365
200.110514	0.329146
200.267497	0.328926
201.203991	0.328772
200.586605	0.328759
200.207835	0.328745
200.039235	0.328694
199.987917	0.328668
199.988013	0.328617
199.936651	0.328552
199.936651	0.328489
199.895546	0.328436
199.922326	0.328398
199.924335	0.328320
199.924335	0.328270
199.870869	0.328231
199.961327	0.328154
199.948967	0.328115
199.963336	0.328062
199.949011	0.327999
199.975696	0.327961
200.012689	0.327896
200.014793	0.327869
200.027154	0.327792
200.027154	0.327741
200.039374	0.327715
200.066155	0.327664
200.090831	0.327613
200.066111	0.327574
200.105200	0.327522
200.092840	0.327483
200.117516	0.327444
200.144202	0.327420
200.105156	0.327329
200.131937	0.327290
200.144202	0.327278
200.156518	0.327200
200.183254	0.327162
200.168834	0.327135
200.222344	0.327085
200.183203	0.327046
200.249080	0.326995
200.249124	0.326969
200.183298	0.326904
200.246976	0.326877
200.246976	0.326839
200.234616	0.326814
200.261301	0.326788
200.288126	0.326737
200.273661	0.326698
200.275765	0.326660
200.300486	0.326595
200.300537	0.326568
200.312758	0.326544
200.325118	0.326491
200.327127	0.326467
199.676517	0.326414
200.655040	0.326337
200.826627	0.326182
200.992705	0.326054
201.175630	0.325977
201.280318	0.325900
201.306959	0.325847
201.345630	0.325770
201.306401	0.325692
201.359771	0.325654
201.462913	0.325603
201.462825	0.325552
201.487964	0.325487
201.517033	0.325436
201.712458	0.325371
201.856801	0.325294
201.881338	0.325243
201.881243	0.325178
201.920479	0.325089
202.037718	0.325074
202.050306	0.324997
202.130928	0.324920
202.285902	0.324830
202.574911	0.324739
203.951942	0.324688
202.335362	0.324727
202.152253	0.324727
202.026938	0.324700
202.444141	0.324611
202.653568	0.324469
202.783116	0.324341
202.927180	0.324263
203.083281	0.324186
203.225380	0.324109
203.369628	0.324032
203.435829	0.323940
203.526566	0.323877
203.710278	0.323735
203.813193	0.323658
204.076828	0.323568
204.152961	0.323465
204.204463	0.323400
204.649617	0.323271
204.598395	0.323182
204.755054	0.323066
205.002121	0.322963
205.016585	0.322897
205.236827	0.322782
205.381074	0.322704
205.537594	0.322615
205.720887	0.322485
205.853010	0.322408
205.902642	0.322292
206.021934	0.322190
206.374717	0.322060
206.609188	0.321932
206.830363	0.321841
207.013472	0.321686
207.250422	0.321609
207.299635	0.321481
207.248457	0.321365
207.602411	0.321261
207.168455	0.321249
207.496187	0.321198
207.625735	0.321107
207.782578	0.321005
207.863200	0.320940
207.887920	0.320824
208.083860	0.320759
208.095757	0.320656
208.448489	0.320566
208.502094	0.320501
208.565912	0.320399
208.761712	0.320308
208.734512	0.320206
208.905680	0.320103
208.969498	0.320013
209.089400	0.319897
209.297465	0.319845
209.363151	0.319729
209.417036	0.319601
209.664661	0.319523
209.899742	0.319393
210.134683	0.319316
210.317557	0.319162
210.432832	0.319060
210.787528	0.318983
210.709246	0.318853
210.983607	0.318775
211.218409	0.318635
211.441122	0.318479
211.507183	0.318377
211.794280	0.318196
211.975564	0.318092
212.302502	0.317938
212.603461	0.317759
212.720832	0.317680
213.009099	0.317552
213.190479	0.317424
213.399243	0.317294
213.713592	0.317115
213.752594	0.317011
213.945775	0.316869
214.038242	0.316792
214.155107	0.316690
214.534759	0.316560
214.468653	0.316483
214.546840	0.316367
214.585562	0.316328
214.781825	0.316200
214.899160	0.316058
214.977581	0.315993
215.173051	0.315891
215.173190	0.315800
215.525554	0.315698
215.461737	0.315582
215.447552	0.315491
215.774585	0.315387
215.878007	0.315298
216.034666	0.315182
216.322742	0.315066
217.211881	0.314962
216.506645	0.314846
216.660782	0.314769
217.092030	0.314615
217.015015	0.314552
217.039875	0.314409
217.169474	0.314306
217.274721	0.314228
217.472625	0.314113
217.667955	0.313985
217.734016	0.313893
217.821952	0.313804
217.390563	0.313777
218.047144	0.313649
218.474289	0.313560
216.633915	0.313560
218.032121	0.313468
218.242665	0.313379
218.436170	0.313263
218.764695	0.313133
218.464626	0.313031
219.104743	0.312850
219.234526	0.312785
219.392443	0.312580
219.889988	0.312452
220.332480	0.312245
220.762935	0.312039
220.841356	0.311936
221.376829	0.311743
221.548372	0.311588
222.319389	0.311356
222.291955	0.311149
222.619223	0.311021
222.814649	0.310840
223.190800	0.310712
223.177183	0.310570
223.764812	0.310415
223.566123	0.310377
223.228319	0.310338
222.851599	0.310249
223.294789	0.310157
223.634889	0.310017
223.610536	0.309901
224.012018	0.309759
224.183421	0.309655
224.393355	0.309515
224.444716	0.309346
224.718196	0.309283
224.926165	0.309127
224.965262	0.309064
225.136430	0.308921
225.280678	0.308805
225.542164	0.308702
225.567304	0.308574
225.789929	0.308484
225.998090	0.308342
226.259760	0.308173
226.467502	0.308084
226.455325	0.307968
226.780909	0.307864
227.605906	0.307710
227.355942	0.307543
227.485681	0.307440
227.774646	0.307261
227.943850	0.307169
228.321214	0.306964
228.532037	0.306771
228.885616	0.306641
229.328527	0.306448
229.328387	0.306307
229.667597	0.306165
229.809417	0.306011
229.811521	0.305933
230.175827	0.305791
230.384215	0.305663
230.268617	0.305559
230.660262	0.305393
230.762846	0.305328
231.012016	0.305173
231.142079	0.305070
231.286657	0.304942
231.404080	0.304850
231.352290	0.304657
232.796369	0.304568
232.042791	0.304452
232.002393	0.304348
232.316917	0.304194
232.290136	0.304104
232.542519	0.303872
233.312000	0.303704
233.846023	0.303498
234.174034	0.303240
234.501303	0.303086
234.931199	0.302854
235.217546	0.302712
235.662657	0.302506
235.909583	0.302275
236.144062	0.302147
236.351891	0.301927
236.588562	0.301824
236.784406	0.301604
237.043326	0.301502
237.410617	0.301321
237.567086	0.301141
238.127610	0.301000
238.232996	0.300819
238.390773	0.300639
238.902687	0.300395
239.474499	0.300149
239.552546	0.300008
240.151976	0.299789
240.401102	0.299634
240.725473	0.299427
240.715121	0.299273
241.146231	0.299118
241.875819	0.298913
241.825663	0.298720
242.255331	0.298500
242.619497	0.298269
242.749140	0.298140
243.991299	0.297947
243.391964	0.297793
244.916367	0.297624
244.137134	0.297405
244.019013	0.297264
244.382900	0.297033
244.593672	0.296878
244.971883	0.296685
245.141785	0.296478
245.689155	0.296323
245.975179	0.296142
246.290036	0.296002
246.549323	0.295795
246.863244	0.295667
247.073649	0.295435
247.426240	0.295281
247.700367	0.295049
248.130359	0.294803
248.364925	0.294675
248.900494	0.294482
249.069977	0.294327
249.252807	0.294108
249.617112	0.293927
249.892923	0.293772
249.697777	0.293606
250.348106	0.293490
250.414491	0.293297
251.141568	0.293220
249.924472	0.293232
249.832659	0.293232
249.559510	0.293232
249.389085	0.293220
249.325547	0.293220
249.298957	0.293154
249.194034	0.293142
249.220859	0.293051
249.233175	0.293026
249.196182	0.292974
249.235323	0.292923
249.181813	0.292858
249.063972	0.292819
249.308987	0.292780
248.762271	0.292768
248.855061	0.292768
248.544683	0.292679
249.131334	0.292602
248.971269	0.292549
249.407136	0.292409
249.783802	0.292317
249.863953	0.292175
250.019914	0.292098
250.177080	0.291996
250.502759	0.291892
250.593122	0.291750
250.908633	0.291687
250.149976	0.291583
251.209400	0.291417
251.601133	0.291337
251.600950	0.291183
251.808552	0.291106
252.082678	0.290965
252.332451	0.290835
252.486823	0.290734
252.763332	0.290577
252.958758	0.290463
253.049775	0.290282
253.481112	0.290179
253.857594	0.289973
254.134199	0.289882
254.394936	0.289703
254.434172	0.289549
254.824928	0.289469
254.981308	0.289329
255.059494	0.289225
255.267375	0.289136
255.477684	0.289045
256.000090	0.288866
255.959736	0.288736
256.038114	0.288634
256.234421	0.288492
256.482002	0.288388
256.718393	0.288234
256.823456	0.288156
257.970494	0.288016
257.641356	0.287990
257.081206	0.287898
257.120722	0.287797
257.355891	0.287732
257.448079	0.287642
257.745625	0.287603
258.109190	0.287565
256.974617	0.287551
256.804331	0.287577
256.859289	0.287538
256.831058	0.287500
257.083590	0.287358
257.225270	0.287307
257.186269	0.287242
257.527478	0.287126
257.958168	0.286984
257.997125	0.286855
258.309790	0.286766
258.400895	0.286636
258.716267	0.286559
258.988340	0.286392
259.342897	0.286315
259.681399	0.286134
259.708084	0.286030
260.308029	0.285890
260.450033	0.285697
260.882592	0.285581
261.181351	0.285412
261.366843	0.285296
261.849410	0.285103
261.731663	0.285014
262.212738	0.284833
262.396170	0.284691
262.684298	0.284614
262.829479	0.284447
263.154923	0.284331
263.593644	0.284242
262.889011	0.284242
263.045759	0.284177
262.889386	0.284164
262.877070	0.284099
262.850385	0.284034
262.850385	0.284010
263.058450	0.283957
262.838069	0.283906
262.941071	0.283829
262.733006	0.283776
262.877070	0.283737
262.759691	0.283713
262.903755	0.283648
262.916071	0.283583
263.111820	0.283544
263.136453	0.283494
262.916071	0.283443
262.942756	0.283378
262.850010	0.283339
263.058075	0.283300
262.967389	0.283235
263.058075	0.283197
262.994074	0.283146
263.084760	0.283134
263.097076	0.283081
263.202139	0.283057
263.033817	0.283004
263.294692	0.282902
263.646821	0.282823
263.739192	0.282721
264.054380	0.282656
263.962009	0.282540
264.067439	0.282463
264.340823	0.282374
264.392140	0.282270
264.639207	0.282193
264.653575	0.282128
264.941703	0.282065
264.954762	0.281987
265.045080	0.281949
265.319207	0.281857
265.228888	0.281792
265.449644	0.281691
265.620768	0.281575
265.867834	0.281498
265.960206	0.281406
266.207272	0.281355
266.297966	0.281252
266.469832	0.281174
266.439045	0.281136
266.216979	0.281124
265.761848	0.281136
266.181155	0.281046
266.398359	0.281046
265.955169	0.281034
265.708477	0.281034
265.971780	0.280969
266.128527	0.280880
266.793784	0.280815
264.903626	0.280648
266.965457	0.280530
267.760226	0.280428
267.824602	0.280363
267.229876	0.280132
268.444328	0.279989
268.715652	0.279810
269.421027	0.279603
269.643093	0.279461
270.296034	0.279268
270.467157	0.279140
270.990035	0.278959
271.340854	0.278819
271.812414	0.278599
272.177602	0.278406
272.608850	0.278225
273.183795	0.278006
273.547866	0.277865
273.965306	0.277658
274.305494	0.277530
274.983066	0.277284
275.297879	0.277156
275.491575	0.276975
276.159259	0.276770
276.354641	0.276640
276.511021	0.276434
276.666083	0.276306
277.412145	0.276087
277.740016	0.275932
278.182089	0.275727
278.326153	0.275609
278.663538	0.275430
278.977040	0.275262
279.343538	0.275146
279.631666	0.274967
279.708358	0.274863
280.219294	0.274696
280.493046	0.274489
281.065931	0.274349
281.038871	0.274180
281.341742	0.274052
281.902679	0.273845
281.718871	0.273717
282.503192	0.273550
282.959440	0.273446
283.521694	0.273266
283.757194	0.273060
283.810564	0.272944
284.472276	0.272751
284.278387	0.272570
285.023331	0.272428
284.789698	0.272261
285.430697	0.272042
285.613194	0.271784
286.382763	0.271617
287.126772	0.271373
287.310955	0.271178
288.171960	0.270896
288.683271	0.270702
289.188978	0.270471
289.439222	0.270278
290.468548	0.270007
290.639297	0.269776
290.821613	0.269633
291.984929	0.269349
291.773686	0.269170
292.440060	0.268912
292.687501	0.268745
293.288757	0.268460
293.968382	0.268229
294.566835	0.268050
294.423888	0.267830
294.831629	0.267637
295.613515	0.267367
295.886524	0.267198
296.815650	0.266940
296.970538	0.266761
297.088660	0.266619
297.556675	0.266414
297.022973	0.266298
297.909546	0.266078
298.054727	0.265962
298.524235	0.265743
298.601863	0.265601
298.002668	0.265422
299.342694	0.265229
299.618881	0.265111
299.957008	0.264944
300.167133	0.264828
301.414800	0.264674
299.753432	0.264674
299.248100	0.264725
298.987407	0.264700
298.765341	0.264712
298.883087	0.264647
298.621652	0.264635
298.582650	0.264570
298.702082	0.264519
298.570334	0.264481
298.519017	0.264403
298.543649	0.264391
298.648712	0.264300
298.766083	0.264261
298.856777	0.264210
298.675397	0.264159
298.730259	0.264094
296.573997	0.264056
299.067076	0.263966
299.159448	0.263836
299.393830	0.263759
299.525953	0.263617
299.643331	0.263578
299.903082	0.263450
300.098463	0.263361
300.295897	0.263245
300.570023	0.263153
300.869157	0.263076
300.908526	0.262960
300.738151	0.262871
301.718596	0.262755
301.574157	0.262651
301.965662	0.262535
302.190156	0.262446
302.332910	0.262330
302.489657	0.262149
302.895531	0.262072
303.311661	0.261918
303.340781	0.261828
304.003978	0.261659
304.226044	0.261517
304.554290	0.261428
304.683235	0.261300
304.879359	0.261196
305.322182	0.261054
305.049173	0.260913
305.858118	0.260783
306.171246	0.260682
306.419997	0.260527
306.601752	0.260359
307.476009	0.260269
306.742457	0.260216
306.676771	0.260178
306.299074	0.260127
306.717264	0.260011
307.030766	0.259922
307.307320	0.259779
307.307320	0.259690
307.425441	0.259560
307.882633	0.259470
308.088270	0.259328
308.728894	0.259289
308.626642	0.259108
309.305324	0.258993
309.659513	0.258814
309.606143	0.258671
310.193022	0.258529
310.951400	0.258363
310.587329	0.258232
311.354471	0.258039
312.352075	0.257899
311.020070	0.257641
313.329342	0.257499
314.305117	0.257267
313.512032	0.257009
314.778169	0.256842
315.115554	0.256649
315.575548	0.256519
314.843856	0.256314
316.645743	0.256082
317.324251	0.255915
317.428004	0.255696
317.978684	0.255515
318.589078	0.255283
318.722318	0.255141
318.526936	0.254909
319.818823	0.254755
320.510397	0.254511
321.256084	0.254226
321.174904	0.254110
321.854904	0.253893
322.153288	0.253763
322.715167	0.253557
323.027927	0.253454
323.144931	0.253275
323.615181	0.253106
323.862247	0.252964
324.218864	0.252771
324.529564	0.252681
324.803315	0.252501
324.920319	0.252372
325.245763	0.252242
325.404571	0.252114
325.741956	0.252011
326.084571	0.251818
326.317268	0.251690
327.447182	0.251600
326.440995	0.251600
325.646793	0.251600
325.398042	0.251586
325.268722	0.251523
325.203035	0.251509
325.178403	0.251470
324.253946	0.251368
325.569715	0.251277
325.701463	0.251149
325.975589	0.251084
326.131969	0.250968
326.317087	0.250840
326.696276	0.250763
326.642905	0.250685
326.799278	0.250608
326.889972	0.250478
327.188356	0.250439
327.489909	0.250299
327.791470	0.250222
328.128856	0.250092
328.157226	0.249937
328.561789	0.249860
328.718537	0.249732
329.280791	0.249616
329.476172	0.249486
329.579550	0.249397
329.801984	0.249242
330.232490	0.249114
330.455674	0.248996
330.833745	0.248868
331.068870	0.248765
331.210874	0.248649
331.514863	0.248521
331.981568	0.248378
332.164633	0.248315
332.715313	0.248185
332.541762	0.248043
333.106444	0.247941
333.106444	0.247811
333.326825	0.247710
333.392886	0.247567
333.889821	0.247502
334.619454	0.247323
334.778261	0.247208
334.856264	0.247053
335.325397	0.246899
335.821589	0.246807
335.767844	0.246679
336.396902	0.246576
336.788032	0.246433
336.812290	0.246332
336.893095	0.246177
337.727415	0.246047
337.791049	0.245958
337.754475	0.245791
338.026174	0.245687
338.443989	0.245571
338.573309	0.245494
338.823178	0.245340
339.331687	0.245224
338.157179	0.245147
339.530613	0.245004
341.144209	0.244888
339.569239	0.244836
340.262673	0.244708
341.276514	0.244541
341.135995	0.244372
341.476557	0.244205
342.297819	0.244051
342.795129	0.243923
343.106764	0.243766
343.158456	0.243665
343.549212	0.243510
343.732652	0.243433
343.903026	0.243279
344.099150	0.243149
344.555031	0.243020
344.973588	0.242866
345.521474	0.242762
345.587160	0.242596
345.939289	0.242492
346.147729	0.242311
346.776411	0.242222
347.179665	0.241990
347.791369	0.241835
348.016981	0.241720
348.576807	0.241527
348.970365	0.241396
348.901501	0.241230
349.740684	0.241063
350.179212	0.240986
349.635621	0.240844
350.195815	0.240701
350.951765	0.240573
350.516790	0.240496
350.216172	0.240496
349.784355	0.240496
349.774841	0.240470
349.538406	0.240470
349.499405	0.240443
349.499405	0.240419
349.460403	0.240380
349.565466	0.240315
349.460403	0.240276
349.330709	0.240211
349.355341	0.240173
349.579835	0.240148
349.474772	0.240083
349.579835	0.240057
349.394342	0.239994
349.499405	0.239929
349.487089	0.239917
349.618836	0.239878
349.499405	0.239825
349.513774	0.239774
349.618836	0.239748
349.433344	0.239685
349.538406	0.239646
349.447712	0.239620
349.565091	0.239569
349.591776	0.239543
349.670154	0.239504
349.486714	0.239451
349.423830	0.239388
349.907513	0.239311
350.467340	0.239220
350.455023	0.239130
350.938525	0.239041
350.884780	0.238937
351.144163	0.238911
351.185591	0.238821
351.459718	0.238770
351.511035	0.238679
351.890224	0.238602
352.165100	0.238500
352.307104	0.238447
352.438852	0.238331
352.999420	0.238228
353.431979	0.238138
353.194427	0.238073
353.639302	0.238022
353.912311	0.237933
352.800506	0.237945
353.221305	0.237919
353.050931	0.237880
353.181361	0.237841
353.261230	0.237740
353.863228	0.237663
354.032292	0.237520
354.582604	0.237455
354.908048	0.237313
355.443985	0.237211
355.755427	0.237043
356.383742	0.236902
356.931995	0.236787
357.178319	0.236656
357.506190	0.236567
357.687195	0.236439
358.014699	0.236323
358.523951	0.236181
359.059512	0.236039
359.228208	0.235949
359.607022	0.235795
360.064589	0.235730
360.404776	0.235587
360.600150	0.235510
360.648665	0.235394
360.768472	0.235278
361.434103	0.235189
361.553909	0.235034
362.023784	0.234957
362.387855	0.234841
362.583611	0.234738
362.857362	0.234622
363.041170	0.234557
363.290296	0.234390
363.447051	0.234301
364.007245	0.234236
364.269430	0.234067
364.557183	0.233977
364.907252	0.233862
365.391503	0.233734
365.533882	0.233630
365.575685	0.233488
366.110879	0.233410
366.306628	0.233295
366.306628	0.233193
367.035518	0.233036
367.115949	0.232961
367.688834	0.232819
367.832897	0.232715
368.211712	0.232626
368.524839	0.232496
368.683647	0.232394
368.889284	0.232290
369.439964	0.232201
369.517967	0.232071
369.882412	0.231955
369.960415	0.231866
370.809853	0.231750
370.652731	0.231673
370.848112	0.231557
371.031920	0.231453
371.316302	0.231349
371.526428	0.231248
371.724236	0.231118
372.140367	0.230990
372.571615	0.230874
372.938120	0.230731
373.277933	0.230642
373.576317	0.230526
373.591061	0.230435
374.320693	0.230294
374.244376	0.230217
374.518127	0.230075
375.155581	0.229945
374.947142	0.229894
375.221643	0.229790
375.300020	0.229701
375.573772	0.229624
375.510513	0.229508
375.719327	0.229418
376.499528	0.229302
376.594334	0.229199
377.037524	0.229109
377.401969	0.229018
377.506657	0.228890
377.768467	0.228813
378.171914	0.228709
378.474785	0.228593
378.863855	0.228504
378.825229	0.228388
379.008294	0.228335
379.282045	0.228219
379.360798	0.228142
379.646865	0.228014
380.366609	0.227910
380.483613	0.227807
380.535305	0.227705
380.913745	0.227640
380.716311	0.227512
381.136561	0.227447
381.763558	0.227304
382.007273	0.227227
381.825325	0.227189
382.232316	0.227073
382.886381	0.226932
382.573996	0.226802
383.149308	0.226699
384.467880	0.226506
384.194871	0.226378
385.380578	0.226211
385.735509	0.226004
386.334704	0.225888
386.843213	0.225707
387.354150	0.225579
388.110842	0.225412
388.605350	0.225219
389.559101	0.225038
389.690107	0.224871
390.173983	0.224756
389.991293	0.224599
391.020995	0.224459
391.503561	0.224278
392.026439	0.224162
392.576377	0.223943
393.005198	0.223853
393.294810	0.223621
394.208451	0.223453
394.612639	0.223337
395.263152	0.223144
395.589906	0.223042
395.942035	0.222888
396.440655	0.222719
396.556349	0.222591
397.196606	0.222449
397.664796	0.222333
398.213991	0.222152
398.475059	0.222075
398.736494	0.221947
398.840246	0.221843
399.426383	0.221727
398.653648	0.221650
398.836145	0.221625
398.719141	0.221587
398.550452	0.221548
398.653455	0.221471
398.523767	0.221430
398.614453	0.221367
398.538136	0.221290
398.731832	0.221251
398.550452	0.221199
398.692456	0.221160
398.692456	0.221097
398.680140	0.221044
398.824204	0.221005
398.731457	0.220967
398.850889	0.220916
398.758142	0.220839
398.850889	0.220812
398.758142	0.220774
398.875521	0.220735
398.797144	0.220684
398.770459	0.220646
398.992892	0.220607
398.978524	0.220556
398.914522	0.220518
398.941207	0.220465
399.031894	0.220453
398.953524	0.220388
399.019210	0.220363
399.032269	0.220310
399.308455	0.220233
399.150765	0.220207
399.463150	0.220129
399.790646	0.220066
399.764336	0.219989
400.026146	0.219912
400.182894	0.219820
400.469336	0.219770
400.821465	0.219666
400.887526	0.219589
401.148594	0.219550
401.279031	0.219448
401.618469	0.219369
401.828220	0.219306
401.918913	0.219241
402.178663	0.219152
402.244350	0.219099
402.415106	0.219048
402.268982	0.218997
402.559912	0.218920
402.779919	0.218855
402.897672	0.218829
403.120106	0.218727
403.575612	0.218650
403.472235	0.218597
403.903484	0.218520
404.361050	0.218442
404.319246	0.218365
404.255613	0.218300
404.922929	0.218211
404.737062	0.218146
404.934870	0.218095
405.221688	0.218005
405.365377	0.217952
405.273373	0.217863
405.703504	0.217812
405.783192	0.217759
405.729447	0.217696
406.003573	0.217658
406.069260	0.217605
405.951881	0.217554
405.913255	0.217528
406.187381	0.217477
406.409447	0.217400
406.698317	0.217335
406.931015	0.217284
406.880072	0.217192
407.283886	0.217141
407.599449	0.217052
407.795197	0.216987
408.135760	0.216871
408.695579	0.216794
409.179830	0.216666
408.865017	0.216589
409.465898	0.216497
410.102977	0.216420
410.104469	0.216316
410.351911	0.216215
410.561661	0.216176
410.901473	0.216072
411.019595	0.216007
411.450101	0.215879
411.971668	0.215763
412.245420	0.215686
412.560233	0.215570
412.873735	0.215481
413.354434	0.215377
412.469721	0.215274
413.996183	0.215184
413.000446	0.215145
413.404635	0.215131
413.485065	0.215093
413.365633	0.215068
413.237999	0.215003
413.472556	0.214991
414.048243	0.214861
414.232800	0.214721
415.158375	0.214629
415.574880	0.214513
415.691884	0.214436
415.497445	0.214334
416.396516	0.214257
416.618583	0.214115
417.168520	0.214023
417.297091	0.213973
417.508708	0.213857
417.743458	0.213792
417.911780	0.213715
418.251967	0.213637
418.436343	0.213586
418.302535	0.213509
418.644783	0.213432
418.772417	0.213381
419.073604	0.213290
419.112605	0.213239
419.907375	0.213174
418.943359	0.213188
418.743865	0.213162
418.423091	0.213084
419.618872	0.213058
419.059795	0.213007
419.243603	0.212942
419.009970	0.212891
419.660858	0.212800
419.597224	0.212737
420.315483	0.212645
420.445920	0.212544
420.743929	0.212479
420.848992	0.212389
420.966371	0.212363
420.887993	0.212273
420.914678	0.212259
421.345560	0.212158
421.881121	0.212119
421.959124	0.212040
422.532202	0.211962
419.893373	0.211989
421.880746	0.211873
422.169249	0.211847
422.311627	0.211784
422.416315	0.211706
422.494318	0.211653
422.547127	0.211590
423.238694	0.211525
423.068320	0.211448
423.449194	0.211383
423.889582	0.211320
423.970012	0.211267
424.060331	0.211204
424.178077	0.211151
424.571267	0.211062
424.715331	0.211011
424.960712	0.210958
425.158521	0.210893
424.975456	0.210830
425.432647	0.210739
425.575026	0.210700
425.836468	0.210611
426.200906	0.210546
426.240657	0.210483
426.553785	0.210391
426.502842	0.210340
427.221844	0.210251
427.573973	0.210160
427.769354	0.210070
428.070165	0.209954
428.383293	0.209916
428.828168	0.209812
429.021864	0.209747
429.205297	0.209645
429.504056	0.209568
429.674430	0.209491
429.961247	0.209426
430.469381	0.209348
430.667190	0.209259
430.797627	0.209206
430.902315	0.209105
431.372565	0.209040
431.399250	0.208950
431.543689	0.208885
431.907759	0.208781
432.077198	0.208692
432.771942	0.208615
433.019008	0.208499
433.266075	0.208446
433.328784	0.208369
432.414969	0.208383
432.413659	0.208383
432.191593	0.208383
432.299083	0.208369
432.167335	0.208344
432.062272	0.208330
431.869500	0.208292
432.366068	0.208214
432.559957	0.208176
432.690762	0.208086
433.239957	0.208021
433.303591	0.207983
433.384021	0.207958
433.590401	0.207855
433.957274	0.207804
433.864902	0.207739
434.309778	0.207674
434.595845	0.207584
434.843286	0.207493
435.236477	0.207442
435.524597	0.207377
435.850416	0.207314
435.889417	0.207237
435.850041	0.207172
436.241546	0.207094
436.437295	0.207056
436.552988	0.206952
436.488612	0.206875
436.779167	0.206836
436.907177	0.206759
437.207614	0.206708
437.141553	0.206655
437.467371	0.206580
437.664805	0.206539
437.794868	0.206476
438.159313	0.206411
438.331179	0.206334
438.684057	0.206296
438.879806	0.206180
439.151130	0.206141
439.493003	0.206037
439.649751	0.205960
439.962136	0.205922
440.131200	0.205844
440.302323	0.205781
440.705770	0.205716
440.601824	0.205678
440.877261	0.205600
441.255333	0.205523
441.099702	0.205446
441.319709	0.205407
440.638216	0.205393
441.883080	0.205277
441.763467	0.205239
441.201588	0.205176
442.118398	0.205176
442.351838	0.205098
442.598537	0.205007
443.330972	0.204956
442.756595	0.204905
442.455783	0.204891
442.874716	0.204828
442.715166	0.204789
442.678592	0.204737
442.742593	0.204712
442.586221	0.204635
443.539037	0.204543
442.989292	0.204505
443.837239	0.204493
443.367731	0.204454
443.407107	0.204415
443.499854	0.204377
443.485485	0.204350
443.512170	0.204312
443.485485	0.204312
443.419424	0.204273
443.133356	0.204247
443.368481	0.204196
443.944536	0.204145
444.219037	0.204068
444.610167	0.203964
445.185480	0.203913
445.615986	0.203797
445.877796	0.203706
447.025812	0.203655
446.544170	0.203527
447.052679	0.203436
447.546812	0.203320
448.006805	0.203243
448.632318	0.203115
448.828442	0.203049
449.650821	0.202921
449.897887	0.202844
450.540571	0.202726
451.070729	0.202651
449.714273	0.202625
450.314960	0.202547
450.928899	0.202470
450.876839	0.202405
451.307346	0.202367
451.660217	0.202238
452.154724	0.202173
452.509656	0.202096
452.901161	0.201993
453.463782	0.201877
453.331292	0.201775
453.788109	0.201736
454.337854	0.201621
454.809414	0.201543
455.264920	0.201413
454.832179	0.201324
455.419808	0.201247
455.729584	0.201247
455.420376	0.201182
455.864683	0.201116
456.087125	0.201053
456.412936	0.200950
456.726064	0.200899
456.882444	0.200783
457.342437	0.200706
457.522132	0.200629
458.203818	0.200474
458.516945	0.200409
458.800585	0.200332
459.140023	0.200240
459.335779	0.200190
459.702277	0.200100
459.599275	0.200062
460.157784	0.199958
460.263221	0.199893
460.590717	0.199777
460.982222	0.199738
461.229289	0.199649
461.515731	0.199545
461.752542	0.199480
462.183048	0.199379
462.339795	0.199326
462.599178	0.199210
463.044053	0.199171
463.396182	0.199082
464.177518	0.199017
462.624939	0.198992
463.200252	0.198992
463.134565	0.198954
463.080820	0.198927
463.160315	0.198889
463.435558	0.198799
464.179935	0.198708
464.520122	0.198618
465.238749	0.198488
465.028256	0.198413
465.955698	0.198309
466.846565	0.198218
466.557320	0.198078
466.843021	0.198039
466.922334	0.197948
467.743970	0.197858
467.365156	0.197820
467.614650	0.197742
468.696979	0.197665
468.214962	0.197576
468.305656	0.197523
469.401044	0.197460
468.750906	0.197342
469.220781	0.197279
469.886038	0.197187
470.249366	0.197110
468.985656	0.197021
471.141351	0.196944
471.507856	0.196828
471.872668	0.196750
472.353743	0.196635
472.681989	0.196507
472.902938	0.196468
473.371878	0.196352
475.729869	0.196299
472.376334	0.196273
472.650835	0.196273
472.791721	0.196287
472.704012	0.196248
472.221821	0.196222
471.987063	0.196118
473.373188	0.196080
473.644887	0.195990
473.593569	0.195925
474.340006	0.195797
475.111067	0.195720
474.189413	0.195694
474.167390	0.195643
474.835824	0.195592
475.236468	0.195488
475.526648	0.195450
475.407591	0.195385
476.019845	0.195334
477.291019	0.195218
476.703765	0.195102
477.432280	0.195011
478.035028	0.194870
478.872150	0.194754
479.654411	0.194586
480.384043	0.194470
480.778351	0.194315
481.536354	0.194122
483.294021	0.194057
482.053077	0.194033
482.250693	0.193956
482.851006	0.193813
483.190076	0.193736
483.740563	0.193569
484.525626	0.193466
485.411638	0.193299
486.470827	0.193130
487.461528	0.193002
487.933088	0.192821
488.585661	0.192693
489.003101	0.192563
489.406923	0.192423
490.228552	0.192307
492.598117	0.192204
488.904769	0.192204
489.531767	0.192191
489.350761	0.192165
489.260443	0.192126
489.221441	0.192088
489.349076	0.192049
489.141011	0.191996
489.155380	0.191958
489.285075	0.191919
489.180012	0.191880
489.493140	0.191830
489.598203	0.191791
489.414763	0.191765
490.906499	0.191649
491.338316	0.191571
490.814321	0.191456
491.323197	0.191378
491.910826	0.191250
492.379959	0.191199
492.890896	0.191096
493.190022	0.190980
493.595528	0.190903
494.040029	0.190787
494.377789	0.190734
494.901409	0.190632
495.280598	0.190541
495.424661	0.190490
495.552296	0.190413
496.126859	0.190297
496.194980	0.190220
496.493739	0.190155
497.161423	0.190027
498.580763	0.189988
497.365569	0.189949
497.497316	0.189899
497.104876	0.189834
497.980257	0.189756
498.137380	0.189679
498.504252	0.189575
498.934759	0.189525
498.714378	0.189433
499.509322	0.189356
499.221569	0.189254
500.983705	0.189189
499.692762	0.189100
501.076077	0.188970
502.044955	0.188880
502.044580	0.188752
502.277277	0.188673
502.722527	0.188545
503.779656	0.188480
504.105100	0.188325
504.471973	0.188185
505.491043	0.188120
505.293234	0.187978
505.488616	0.187915
506.050495	0.187811
506.755128	0.187746
506.612749	0.187642
507.107256	0.187579
507.082624	0.187488
507.642818	0.187411
507.473754	0.187348
507.825141	0.187270
508.205447	0.187179
508.986022	0.187102
509.223207	0.186974
509.406640	0.186909
509.797770	0.186819
510.017409	0.186768
510.213533	0.186677
510.565661	0.186638
510.604663	0.186561
511.154975	0.186522
511.298096	0.186407
511.731030	0.186291
511.939095	0.186226
513.712249	0.186098
513.041956	0.186124
511.816873	0.186098
511.607123	0.186110
511.204051	0.186071
512.341050	0.186033
512.449096	0.185905
513.492792	0.185762
513.558111	0.185711
513.921806	0.185608
514.065870	0.185543
514.533318	0.185453
515.108630	0.185376
515.147632	0.185311
515.360184	0.185209
515.971696	0.185132
516.403512	0.185067
516.154386	0.185016
516.584892	0.184939
516.807701	0.184874
516.858644	0.184809
517.605080	0.184732
517.720399	0.184681
517.969150	0.184604
517.954781	0.184539
518.348714	0.184435
518.530094	0.184396
518.963028	0.184307
519.496904	0.184203
519.448022	0.184126
520.828167	0.183998
520.776107	0.183947
521.064602	0.183843
521.600171	0.183766
521.898923	0.183663
522.094304	0.183612
522.590872	0.183535
522.551870	0.183445
523.322189	0.183366
523.243812	0.183250
523.727688	0.183226
524.095311	0.183110
524.369437	0.183045
524.995317	0.182929
525.621947	0.182813
525.648633	0.182709
526.690650	0.182632
526.496954	0.182543
527.345276	0.182478
527.500713	0.182388
527.552031	0.182311
528.048223	0.182195
528.676539	0.182142
529.134098	0.182041
528.832911	0.181963
529.419798	0.181898
529.889673	0.181821
530.057994	0.181744
528.956645	0.181756
528.723005	0.181782
528.346993	0.181782
528.450371	0.181770
528.267306	0.181744
528.125302	0.181717
528.162618	0.181693
528.282049	0.181654
528.047299	0.181628
528.059615	0.181602
528.059615	0.181575
528.073984	0.181536
528.073984	0.181512
528.098617	0.181486
528.125302	0.181447
528.228304	0.181435
528.112986	0.181396
528.166344	0.181319
529.474660	0.181203
529.239535	0.181138
530.281178	0.181034
530.439611	0.180957
531.222988	0.180856
531.720298	0.180764
532.383502	0.180687
532.933065	0.180585
533.219507	0.180532
533.559695	0.180431
534.212260	0.180339
534.039277	0.180288
534.260226	0.180288
534.039845	0.180262
533.986475	0.180236
534.064845	0.180211
534.077161	0.180158
533.856780	0.180120
533.986475	0.180095
533.881412	0.180081
533.986475	0.180043
534.089477	0.179992
533.805095	0.179980
533.934783	0.179941
533.908097	0.179927
533.987592	0.179876
534.731594	0.179811
534.157773	0.179734
535.099216	0.179671
535.255589	0.179606
536.155970	0.179516
536.221289	0.179463
536.520790	0.179386
536.610734	0.179347
538.045011	0.179297
536.139560	0.179297
536.164935	0.179309
536.191995	0.179282
536.023298	0.179258
536.062674	0.179232
536.613536	0.179154
537.359598	0.179065
537.971109	0.179012
538.088113	0.178910
538.205492	0.178833
538.753370	0.178795
538.922808	0.178703
539.538807	0.178638
540.074744	0.178563
540.125686	0.178510
540.713315	0.178421
541.026068	0.178355
541.691324	0.178266
542.240327	0.178175
542.460333	0.178124
542.997955	0.178034
543.142019	0.177969
543.587269	0.177866
543.792906	0.177788
544.328843	0.177725
544.566028	0.177634
545.388032	0.177557
545.728219	0.177467
545.921915	0.177402
546.432477	0.177299
546.561797	0.177248
