25.647000	0.604493
25.647000	0.604493
25.698832	0.604493
23.578856	0.604493
26.906037	0.603793
27.335331	0.603793
27.881996	0.603394
28.155982	0.603294
28.104437	0.603193
28.444345	0.602994
28.758171	0.602793
28.979723	0.602594
29.070645	0.602694
29.395853	0.602694
29.606162	0.602493
29.711460	0.602395
29.736460	0.602193
29.983578	0.602193
30.245432	0.602093
30.401951	0.601894
30.390289	0.601894
30.806655	0.601594
30.925623	0.601594
31.094363	0.601493
31.094268	0.601194
31.513340	0.601194
31.447889	0.600995
31.943986	0.600795
32.179949	0.600494
32.363058	0.600393
32.180463	0.600095
32.650907	0.599995
32.781204	0.599894
33.278000	0.599693
33.343782	0.599494
33.380818	0.599395
33.629989	0.599295
33.850605	0.599194
34.006750	0.599095
34.256200	0.598794
34.177778	0.598894
34.204699	0.598794
34.412764	0.598695
34.661934	0.598494
34.686846	0.598395
34.909559	0.598194
35.064115	0.598094
35.157236	0.597995
35.301108	0.597895
35.443164	0.597794
35.536608	0.597794
35.705349	0.597595
35.980034	0.597396
36.189504	0.597295
36.176725	0.597195
36.267272	0.597094
36.267272	0.596995
36.438256	0.596995
36.409606	0.596794
36.373128	0.596696
36.594820	0.596494
36.607974	0.596394
36.541398	0.596394
36.948580	0.596394
37.169993	0.596295
37.326557	0.596195
37.272907	0.596094
37.456060	0.595895
37.625455	0.595796
37.624896	0.595796
37.871683	0.595595
38.067807	0.595595
37.794239	0.595495
38.004644	0.595394
38.041864	0.595195
38.095470	0.595295
38.317955	0.594996
38.579442	0.594895
38.851324	0.594595
38.827486	0.594595
39.037331	0.594495
39.245213	0.594296
39.206491	0.594296
39.453513	0.594097
39.634797	0.593795
39.440822	0.593895
39.582598	0.593696
39.714765	0.593696
39.922969	0.593396
40.183706	0.593596
40.654287	0.593396
40.173353	0.593296
40.315217	0.593197
40.459883	0.592795
40.799652	0.592896
40.890206	0.592596
41.205202	0.592596
41.205482	0.592397
41.360316	0.592196
41.453107	0.592095
41.871017	0.591996
41.908010	0.591697
42.250067	0.591596
42.274604	0.591397
42.235926	0.591296
42.536274	0.591196
42.705477	0.590896
42.678653	0.590896
42.769530	0.590596
42.967199	0.590397
43.006480	0.590397
43.397566	0.590397
43.370925	0.590196
43.632500	0.590097
43.620095	0.589997
43.788836	0.589798
43.124417	0.589798
43.722914	0.589798
43.268011	0.589697
44.050462	0.589496
44.153465	0.589596
43.984864	0.589496
44.180569	0.589397
44.324816	0.589196
44.403988	0.589098
44.626377	0.588796
44.782846	0.588597
44.939505	0.588496
45.069009	0.588397
45.239758	0.588198
45.381813	0.587997
45.357555	0.587796
45.499515	0.587796
45.695404	0.587697
45.785862	0.587498
46.062093	0.587297
46.061997	0.587297
46.191692	0.587199
46.243752	0.586997
46.362860	0.586897
46.428965	0.586698
46.492922	0.586798
46.715312	0.586597
46.869448	0.586597
46.949460	0.586498
46.896552	0.586398
46.974371	0.586197
47.223726	0.586197
47.119178	0.585897
47.290066	0.585698
47.419805	0.585698
47.588869	0.585497
47.837900	0.585497
47.811634	0.585298
47.968293	0.585098
48.046619	0.585098
48.203043	0.584897
48.320562	0.584799
48.555731	0.584597
48.919896	0.584497
48.777841	0.584099
48.711971	0.584197
48.856219	0.584099
48.975885	0.583998
49.117845	0.583897
49.144390	0.583797
49.364867	0.583698
49.223187	0.583598
49.536079	0.583497
49.599573	0.583399
49.640862	0.583199
49.705055	0.582898
49.744144	0.582998
49.991306	0.582799
50.044868	0.582799
50.123524	0.582598
50.213792	0.582499
50.333039	0.582499
50.345774	0.582298
50.460814	0.582298
50.685308	0.582200
50.592561	0.582099
50.722440	0.581998
50.906387	0.581699
51.335777	0.581598
51.025495	0.581500
50.457227	0.581699
51.175949	0.581598
49.729270	0.581799
49.651268	0.581799
49.573265	0.581598
49.715364	0.581699
49.534220	0.581799
49.546676	0.581799
49.600046	0.581799
49.598037	0.581799
49.468482	0.581799
49.651503	0.581799
49.768691	0.581898
49.482902	0.581799
49.624722	0.581799
49.612641	0.581799
49.495262	0.581799
49.742145	0.581898
49.495358	0.581799
49.664098	0.581799
49.651643	0.581799
50.447380	0.581699
50.254199	0.581598
50.514419	0.581500
50.607305	0.581399
50.463800	0.581298
50.748750	0.581198
50.944507	0.581099
51.022737	0.580999
50.630350	0.581099
51.687810	0.580898
50.671079	0.580898
49.927305	0.580699
50.593164	0.580699
51.659074	0.580699
50.961066	0.580600
51.572063	0.580299
51.728164	0.580299
51.738429	0.580198
51.128314	0.580097
52.134038	0.580097
51.873859	0.579999
51.536378	0.579798
52.239659	0.579599
52.421039	0.579498
52.748116	0.579299
52.838949	0.579299
52.865774	0.578999
53.127026	0.578999
52.512335	0.578999
53.190424	0.578898
53.139246	0.578798
53.204889	0.578699
52.873614	0.578699
52.449958	0.578599
54.494820	0.578299
54.979297	0.578398
53.621813	0.578299
53.357908	0.578299
52.278092	0.578299
53.911057	0.578098
53.908770	0.577800
53.872012	0.577698
54.338247	0.577599
54.276394	0.577498
54.299106	0.577398
55.040270	0.577299
54.170075	0.577199
55.059492	0.577299
54.051385	0.577199
54.744496	0.577199
54.717575	0.576899
54.770857	0.576899
54.861544	0.576798
54.810322	0.576698
54.939826	0.576798
54.978922	0.576698
54.979297	0.576499
55.083934	0.576299
55.018526	0.576299
55.279410	0.576299
55.226128	0.576199
55.149995	0.576299
55.201356	0.576098
55.148266	0.576098
55.345795	0.575998
55.475299	0.575998
55.553676	0.575998
55.592722	0.575700
55.619502	0.575799
55.775927	0.575799
55.673108	0.575700
55.580685	0.575499
55.763750	0.575599
55.932535	0.575599
55.908093	0.575499
55.932770	0.575400
56.023272	0.575298
55.984271	0.575098
55.920968	0.575199
56.140835	0.575098
56.180071	0.574998
56.324319	0.574799
56.336260	0.574799
56.336775	0.574899
56.441698	0.574600
56.388372	0.574700
56.507759	0.574600
56.505794	0.574400
56.727905	0.574499
56.755009	0.574300
56.820695	0.574400
57.002031	0.574199
57.665053	0.574099
57.002171	0.574099
56.950155	0.574099
57.016172	0.573899
57.185611	0.574000
56.938449	0.573899
56.978288	0.573801
57.159109	0.573600
57.278636	0.573700
57.434965	0.573600
57.473966	0.573399
57.461606	0.573499
57.564660	0.573300
57.721268	0.573300
57.865611	0.573199
57.877788	0.573101
57.956297	0.573101
58.086132	0.572900
58.137633	0.572801
58.164598	0.572801
58.374488	0.572499
58.452865	0.572499
58.570148	0.572600
58.414327	0.572399
58.856914	0.572399
58.741316	0.572300
58.792817	0.572200
58.988243	0.572101
59.001118	0.572000
59.027803	0.571900
59.130621	0.571900
59.196403	0.571799
59.172006	0.571701
59.287281	0.571701
59.289569	0.571500
59.536076	0.571500
59.443330	0.571401
59.484994	0.571300
59.509671	0.571099
59.536407	0.571099
59.641279	0.571099
59.589917	0.571099
59.666095	0.571001
59.614454	0.571001
59.602138	0.570900
59.705375	0.570900
59.824667	0.570600
59.901080	0.570600
59.810622	0.570600
59.966906	0.570600
60.031099	0.570500
60.255453	0.570301
60.502754	0.570401
60.424708	0.570202
60.449428	0.570099
60.634642	0.570001
60.632538	0.570001
60.791066	0.569800
60.725519	0.569800
60.713063	0.569601
60.894487	0.569701
60.987050	0.569502
60.906803	0.569401
61.026051	0.569401
61.155651	0.569301
61.219512	0.569301
61.339693	0.569301
61.848011	0.569100
61.456881	0.569001
61.821605	0.568802
61.599355	0.568701
61.703249	0.568802
61.533713	0.568701
61.574583	0.568601
61.914212	0.568601
61.912666	0.568400
62.003265	0.568400
62.396874	0.568200
62.502120	0.568001
62.515039	0.568001
62.684198	0.567802
62.957670	0.567601
63.116338	0.567601
63.141250	0.567500
63.480504	0.567402
63.546470	0.567201
63.661884	0.567001
63.676723	0.566800
63.833706	0.566800
64.080258	0.566601
64.119539	0.566501
64.354105	0.566301
64.446991	0.566102
64.486228	0.566201
64.513148	0.566002
64.657116	0.565901
64.667468	0.565901
65.084445	0.565801
64.772435	0.565601
64.694851	0.565501
64.863452	0.565302
64.994641	0.565302
64.955823	0.565302
65.293164	0.565101
65.320129	0.565002
65.178544	0.565101
65.478378	0.565002
65.166507	0.564801
65.581755	0.564702
65.659853	0.564801
65.777879	0.564602
65.946480	0.564503
66.142324	0.564503
66.300896	0.564402
66.367237	0.564101
66.301690	0.564101
66.666040	0.564002
66.588412	0.563702
66.705695	0.563702
66.913760	0.563501
66.993867	0.563501
67.240794	0.563401
68.293968	0.563302
66.403070	0.563501
65.841471	0.563401
65.658597	0.563702
65.763468	0.563602
65.671001	0.563602
65.790109	0.563602
65.751012	0.563501
65.670957	0.563602
64.775796	0.563501
65.870765	0.563302
66.692585	0.563103
66.861046	0.562902
66.912643	0.563002
66.680225	0.562803
67.358680	0.562701
67.609019	0.562302
67.699757	0.562202
68.000847	0.561904
68.718313	0.562003
68.613485	0.561803
68.692509	0.561703
69.135053	0.561403
69.069410	0.561202
69.512933	0.561202
69.331081	0.561003
69.761168	0.560802
69.906114	0.560703
70.270001	0.560502
70.311150	0.560403
70.389572	0.560204
70.585835	0.560102
70.820078	0.559902
71.067189	0.559603
71.275489	0.559504
71.460002	0.559202
72.139069	0.559104
72.112192	0.558804
72.257050	0.558404
72.242262	0.558303
72.582913	0.558003
73.039965	0.558003
73.181785	0.557605
73.274950	0.557605
73.404733	0.557502
73.587703	0.557203
74.005709	0.557104
74.147948	0.556905
74.202017	0.556404
74.436634	0.556404
74.671848	0.556205
74.893774	0.556004
75.062699	0.555704
74.919429	0.555704
75.415158	0.555505
75.376157	0.555404
75.610444	0.555205
75.727771	0.554903
75.872254	0.554805
76.082049	0.554805
76.263289	0.554505
76.343396	0.554505
76.460818	0.554304
76.525011	0.554203
76.695943	0.554105
76.747356	0.553805
76.928501	0.553904
76.969467	0.553704
77.150332	0.553604
77.256468	0.553505
77.491498	0.553304
77.542859	0.553204
77.713564	0.553105
77.816941	0.552904
78.026831	0.552606
78.222492	0.552606
78.273714	0.552503
78.587733	0.552405
77.059271	0.552405
77.394606	0.552304
78.391835	0.552206
78.535568	0.552206
78.509816	0.552005
78.915271	0.551805
79.045010	0.551604
79.529446	0.551405
79.581645	0.551305
79.920811	0.551005
80.128597	0.550904
80.245696	0.550705
80.363163	0.550405
80.311802	0.550405
80.496028	0.550305
80.716034	0.550104
80.950277	0.550104
80.389106	0.549806
79.843732	0.549806
80.455437	0.549605
81.459529	0.549506
81.513832	0.549307
81.880382	0.549005
82.021966	0.548905
82.100667	0.548806
82.151941	0.548705
82.478879	0.548506
82.543490	0.548305
82.714195	0.548305
82.726276	0.548106
82.831382	0.548005
83.144885	0.547806
83.198395	0.547505
83.418776	0.547406
83.419614	0.547305
83.614297	0.547207
83.459218	0.547006
84.006309	0.547006
84.321541	0.546806
84.515002	0.546605
84.723023	0.546406
84.803828	0.546306
85.026218	0.546207
85.155494	0.545807
85.066152	0.545605
85.703467	0.545605
85.494836	0.545605
85.209413	0.545406
85.681348	0.545008
86.448446	0.544807
86.736199	0.544807
86.501074	0.544706
87.711415	0.544507
88.461298	0.544308
86.917728	0.544207
87.624220	0.544006
87.834624	0.543608
88.003923	0.543306
88.055425	0.543407
88.382877	0.543107
88.852568	0.542908
88.719748	0.542807
88.850185	0.542707
89.163129	0.542506
89.228911	0.542306
89.450977	0.542208
89.464315	0.541807
90.000766	0.541606
90.405802	0.541508
90.677545	0.541208
90.793571	0.541208
89.661651	0.541107
89.918383	0.541208
91.188062	0.540906
90.494445	0.540906
90.036923	0.540707
90.038459	0.540707
90.612235	0.540808
91.360487	0.540508
91.033733	0.540208
91.751059	0.540108
91.971999	0.539808
92.247251	0.539609
92.299128	0.539208
92.454479	0.539208
92.192669	0.539108
92.140557	0.539108
92.425270	0.539007
92.401946	0.538808
93.261136	0.538609
92.831519	0.538609
93.433612	0.538307
93.486983	0.538209
93.629317	0.538209
93.876523	0.537909
93.876707	0.537909
93.994505	0.537708
94.294294	0.537609
94.424915	0.537408
94.439240	0.537209
94.647724	0.537008
94.920969	0.536909
95.130579	0.536909
95.444309	0.536607
95.144476	0.536509
95.562063	0.536408
95.757996	0.536108
95.875330	0.536209
96.136347	0.536010
96.085683	0.535809
96.383744	0.535708
96.399046	0.535408
96.814338	0.535509
97.036684	0.535310
96.958681	0.535209
97.037198	0.534907
97.193571	0.534907
97.650483	0.534809
97.404211	0.534708
97.755965	0.534409
97.912249	0.534409
98.092887	0.534109
98.237090	0.534209
98.069328	0.534109
98.315461	0.533910
98.277069	0.533910
98.512143	0.533709
98.824205	0.533509
98.890406	0.533409
98.929686	0.533210
99.216173	0.533008
99.074632	0.533008
99.294499	0.532910
99.385516	0.532809
99.336023	0.532610
99.673364	0.532510
99.583369	0.532210
99.883673	0.532210
100.091554	0.532308
100.326165	0.532109
100.313665	0.531910
100.404447	0.531810
100.509414	0.531810
100.302187	0.531810
100.639388	0.531610
100.900640	0.531510
100.874094	0.531409
100.873998	0.531409
101.018106	0.531210
100.561709	0.531210
100.940016	0.531109
99.722256	0.531011
99.776376	0.531210
99.646821	0.531210
99.476263	0.531109
99.607775	0.531210
99.608055	0.531309
99.698418	0.531309
99.540124	0.531210
99.527529	0.531210
99.449526	0.531210
99.554310	0.531109
99.449666	0.531210
99.659277	0.530910
99.698374	0.531011
99.646777	0.531109
99.593634	0.531109
99.593451	0.530910
99.659512	0.530910
99.554310	0.530910
99.593634	0.530910
99.490771	0.530810
99.490771	0.530810
99.539985	0.530709
99.451631	0.530810
99.541898	0.530709
99.605532	0.530810
99.422702	0.530609
99.580951	0.530709
99.503132	0.530709
99.620092	0.530709
99.712742	0.530709
99.605532	0.530609
99.685918	0.530709
99.683953	0.530709
99.673601	0.530709
99.698418	0.530609
99.671593	0.530510
99.737419	0.530510
99.698322	0.530510
99.618267	0.530510
99.632731	0.530510
99.751883	0.530510
99.673741	0.530409
99.749640	0.530409
99.566766	0.530409
99.659093	0.530311
99.632636	0.530210
99.581090	0.530409
99.762095	0.530210
99.554310	0.530210
99.541810	0.530210
99.632592	0.530210
99.541898	0.530011
99.671637	0.530110
99.607775	0.530011
99.490492	0.530011
99.568679	0.530011
99.529538	0.529909
99.581039	0.530011
99.659093	0.529909
99.556179	0.530011
99.556179	0.530011
99.568495	0.529810
99.566670	0.529709
99.619900	0.530011
99.568634	0.530011
99.593215	0.530011
99.658902	0.529909
99.593355	0.529909
99.593311	0.529810
99.593451	0.529709
99.659181	0.529709
99.658902	0.529709
99.620040	0.529810
99.566530	0.529810
99.581039	0.529810
99.673601	0.529510
99.659041	0.529709
99.644673	0.529709
99.644673	0.529510
99.580951	0.529611
99.620092	0.529611
99.683674	0.529611
99.698278	0.529611
99.593215	0.529510
99.646681	0.529611
99.607820	0.529611
99.646681	0.529611
99.749735	0.529510
99.646821	0.529510
99.749779	0.529410
99.673601	0.529510
99.605671	0.529611
99.712882	0.529410
99.698322	0.529611
99.788781	0.529510
99.686057	0.529311
99.620136	0.529410
99.710778	0.529311
99.751883	0.529410
99.763964	0.529311
99.737375	0.529410
99.671593	0.529311
99.829886	0.529210
99.686057	0.529210
99.854423	0.529311
99.879239	0.529311
99.722954	0.529210
99.866739	0.529311
99.840238	0.529311
99.800957	0.529210
99.893564	0.529210
99.893608	0.529311
99.815326	0.529210
99.905784	0.529311
99.788597	0.529210
99.839958	0.529210
99.947030	0.529210
99.841923	0.529210
99.841967	0.529210
99.815466	0.529210
99.827598	0.529009
99.841967	0.529009
99.763920	0.529110
99.854239	0.529110
99.724919	0.529110
99.673462	0.529110
99.776236	0.529009
99.673601	0.529110
99.724823	0.528909
99.803201	0.529009
99.710499	0.529009
99.632312	0.529009
99.737514	0.528808
99.762095	0.528909
99.790885	0.528808
99.776516	0.528808
99.724963	0.528909
99.790885	0.528909
99.803341	0.528909
99.932565	0.528808
99.893564	0.529009
99.829886	0.528909
99.959206	0.528808
99.893608	0.528909
99.920388	0.528808
99.944786	0.528710
99.959250	0.528808
99.749360	0.528808
99.854327	0.528808
99.710455	0.528808
99.751604	0.528909
99.854327	0.528909
99.764060	0.528710
99.710455	0.528710
99.737375	0.528808
99.749735	0.528710
99.737279	0.528808
99.790885	0.528609
99.815517	0.528808
99.854327	0.528710
99.815517	0.528609
99.788876	0.528710
99.984066	0.528808
99.905924	0.528710
99.996243	0.528609
99.944881	0.528609
99.908028	0.528808
99.802922	0.528609
99.957242	0.528710
99.854283	0.528710
99.815186	0.528609
99.893380	0.528710
99.763920	0.528710
99.761816	0.528609
99.749595	0.528710
99.827642	0.528609
99.751464	0.528710
99.776376	0.528609
99.776376	0.528609
99.839958	0.528609
99.827782	0.528510
99.905740	0.528410
99.893520	0.528410
100.155888	0.528510
100.285627	0.528309
100.258288	0.528410
100.520194	0.528309
100.534379	0.528309
98.969805	0.528410
100.324114	0.528410
99.800817	0.528410
99.580113	0.528410
99.529258	0.528410
100.455206	0.528309
100.835190	0.528110
100.729097	0.528211
100.977988	0.528110
101.043630	0.528010
100.638778	0.528010
100.965069	0.527909
100.938987	0.527909
101.107727	0.527808
101.344537	0.527909
101.252673	0.527808
101.488505	0.527808
101.486776	0.527609
101.435179	0.527511
101.474416	0.527710
101.474695	0.527710
101.591604	0.527511
101.434288	0.527609
101.669841	0.527609
101.760623	0.527511
101.618149	0.527511
101.344816	0.527410
102.334025	0.527410
102.059426	0.527309
102.127261	0.527410
102.086765	0.527309
102.389122	0.527211
102.387577	0.527211
102.609408	0.527010
102.362525	0.527110
102.544236	0.526811
102.817708	0.527010
102.898234	0.526909
103.027973	0.526811
103.103871	0.526710
103.042342	0.526710
103.067114	0.526710
103.169933	0.526609
103.119130	0.526410
103.446303	0.526511
103.446207	0.526511
103.458759	0.526410
103.563586	0.526310
103.524070	0.526310
103.786115	0.526310
103.888655	0.526310
103.759291	0.526209
103.849837	0.526209
103.876714	0.526209
103.993997	0.526010
104.033417	0.526010
104.202246	0.526010
104.045498	0.525909
104.282448	0.525909
104.424503	0.525811
104.373744	0.525811
104.620392	0.525612
104.503432	0.525612
104.713042	0.525612
104.752139	0.525410
104.711129	0.525509
104.816331	0.525410
104.957916	0.525410
104.385590	0.525209
105.222250	0.525310
105.183667	0.525209
105.391225	0.525111
105.482051	0.524912
105.809503	0.525010
106.096086	0.525010
106.330277	0.524912
106.631655	0.524811
106.918753	0.524811
107.544215	0.524509
106.290533	0.524509
106.921407	0.524509
105.889364	0.524411
107.430099	0.524010
107.821229	0.524010
107.885561	0.523912
108.226168	0.523610
108.775172	0.523411
108.550958	0.523411
108.813755	0.523310
109.634597	0.523212
108.995737	0.523111
110.440696	0.523011
108.486249	0.522711
109.152492	0.522811
109.791999	0.522711
108.761450	0.522512
109.098705	0.522512
110.665181	0.522411
110.000814	0.522411
110.979391	0.522310
110.288697	0.521910
111.096525	0.522011
111.057899	0.521711
111.373035	0.521610
111.634801	0.521512
111.801856	0.521411
111.894183	0.521210
112.077572	0.521011
112.180391	0.521011
111.843381	0.521011
112.583279	0.520910
112.691048	0.520812
112.496321	0.520711
112.964755	0.520411
112.847707	0.520411
113.028529	0.520510
113.028529	0.520311
113.082318	0.520210
113.133591	0.520311
113.264964	0.520112
113.407438	0.519913
113.642843	0.520011
113.184299	0.519913
112.870945	0.519913
113.343246	0.519711
113.748324	0.519711
114.100174	0.519611
114.085614	0.519311
114.334924	0.519412
114.295687	0.519311
114.452163	0.519311
114.569725	0.519212
114.623331	0.519112
114.831256	0.519011
115.104728	0.519011
114.725635	0.518913
115.133699	0.518913
114.792062	0.518712
115.666091	0.518611
114.023288	0.518512
116.007719	0.518213
115.120266	0.518311
116.008373	0.518012
116.426240	0.518012
116.908431	0.517611
117.457575	0.517611
117.497415	0.517313
117.886536	0.517112
118.305941	0.517012
118.383192	0.516712
118.905651	0.516613
119.010618	0.516513
119.218595	0.516513
119.597225	0.516412
119.714971	0.516211
119.962508	0.515813
120.329006	0.515813
120.498025	0.515712
120.627904	0.515511
120.929842	0.515312
120.994777	0.515213
121.764442	0.515113
121.373216	0.514914
121.491197	0.514813
120.878331	0.514712
121.463395	0.514614
120.409662	0.514413
121.229387	0.514513
121.479631	0.514312
122.352210	0.514214
122.665382	0.514113
122.704853	0.513813
123.267152	0.513513
123.333117	0.513513
123.829450	0.513312
123.996086	0.513214
124.167019	0.513015
124.416983	0.513015
124.531883	0.512813
124.676645	0.512612
125.029472	0.512514
125.419999	0.512214
125.537466	0.512214
125.693986	0.512013
126.087639	0.511814
126.347441	0.511514
126.751071	0.511413
126.831222	0.511313
127.158630	0.511013
127.078104	0.511013
127.222124	0.510814
127.314679	0.510814
127.183071	0.510615
127.222403	0.510615
127.875344	0.510313
127.809701	0.510414
128.086211	0.510313
128.683398	0.510114
128.854147	0.509814
129.321883	0.509814
127.648434	0.509615
126.754476	0.509814
129.092214	0.509615
129.219569	0.509414
129.276997	0.509114
130.113605	0.508814
131.598822	0.508613
132.121605	0.508313
132.825862	0.508114
133.245126	0.507814
133.295510	0.507613
133.934221	0.507316
134.341307	0.506714
134.744004	0.506714
136.621757	0.506316
135.238016	0.506316
138.727347	0.506014
134.010548	0.506014
134.011944	0.506115
135.842474	0.505714
136.547011	0.505417
136.938839	0.505115
138.037221	0.504716
138.533039	0.504415
138.817098	0.503916
139.222038	0.503916
139.381779	0.503715
140.149061	0.503415
140.344957	0.503216
140.345559	0.503115
140.907997	0.502815
141.299546	0.502516
141.769098	0.502115
142.094681	0.502017
142.591058	0.501816
142.813683	0.501617
143.297751	0.501317
143.620995	0.501116
143.921902	0.500916
144.185118	0.500715
144.132166	0.500516
144.589027	0.500216
144.875426	0.500015
144.940928	0.500015
145.281064	0.499717
145.591764	0.499617
145.750756	0.499315
145.906996	0.499217
146.219940	0.499116
146.299427	0.498816
146.783120	0.498716
147.160440	0.498416
147.734915	0.498317
148.035586	0.498116
148.556919	0.497716
148.466093	0.497716
148.872246	0.497318
149.327517	0.497318
149.446485	0.497118
149.627726	0.497018
149.967538	0.496618
149.940339	0.496517
149.966936	0.496517
150.018621	0.496418
149.354621	0.496217
150.344719	0.495917
150.801631	0.495917
150.882480	0.495817
151.415989	0.495718
151.403165	0.495517
151.794575	0.495217
151.884703	0.495217
151.806656	0.495217
151.819156	0.495117
152.107651	0.494918
152.316938	0.494817
152.433802	0.494517
151.725346	0.494618
151.100531	0.494618
151.049170	0.494618
151.061486	0.494618
151.022345	0.494517
150.958527	0.494517
150.983388	0.494517
151.034661	0.494417
151.061486	0.494318
151.061206	0.494318
151.087987	0.494318
150.971027	0.494218
150.971027	0.494218
151.061442	0.494117
151.102356	0.494218
151.114716	0.494117
151.034705	0.494018
151.049030	0.494117
151.049030	0.493918
151.075671	0.493918
151.061111	0.493817
151.049030	0.493817
151.048751	0.493918
151.114672	0.493918
151.139533	0.493817
151.100443	0.493817
151.126988	0.493817
151.126988	0.493719
151.073706	0.493817
151.192998	0.493618
151.178446	0.493618
151.075575	0.493618
151.205270	0.493618
151.114812	0.493417
151.127033	0.493518
151.178350	0.493318
151.203166	0.493417
151.153674	0.493417
151.153674	0.493318
151.190990	0.493218
151.232095	0.493318
151.229712	0.493218
151.217535	0.493117
151.166269	0.493117
151.192719	0.493218
151.139349	0.493019
151.217587	0.493117
151.244081	0.493117
151.100347	0.492918
151.244272	0.493019
151.256536	0.493019
151.190850	0.492819
151.190710	0.492819
151.217256	0.492918
151.310796	0.492717
151.582774	0.492819
151.582539	0.492819
150.408031	0.492618
152.470141	0.492717
151.609694	0.492618
152.445744	0.492518
152.262818	0.492319
152.484885	0.492417
152.431934	0.492218
152.356873	0.492119
152.915994	0.492119
153.293314	0.492119
153.478483	0.492019
153.791192	0.491818
153.387133	0.491717
154.300347	0.491717
154.731971	0.491619
155.488019	0.491319
154.484949	0.491419
156.531112	0.491319
155.576652	0.491218
156.089684	0.491017
156.375891	0.490919
156.519631	0.490719
156.547059	0.490719
156.859959	0.490619
157.630557	0.490518
157.891992	0.490317
157.982495	0.490218
157.658639	0.490118
158.295718	0.489919
158.609360	0.489818
158.963358	0.489619
159.366944	0.489619
158.872750	0.489420
159.379819	0.489319
160.125226	0.489118
160.737296	0.488994
160.854300	0.488844
159.645260	0.488694
160.776621	0.488607
161.246783	0.488432
161.651819	0.488345
161.886481	0.488170
161.808757	0.488069
162.109194	0.487957
161.733173	0.487795
162.669858	0.487694
163.022127	0.487558
163.205280	0.487470
163.413257	0.487320
163.414793	0.487132
164.015071	0.487046
164.222901	0.486896
164.457982	0.486769
164.770874	0.486645
164.432597	0.486484
164.888672	0.486369
165.280221	0.486245
165.244485	0.486069
165.972023	0.485983
166.194743	0.485833
166.326256	0.485720
166.717805	0.485570
166.379903	0.485409
167.160767	0.485334
166.133805	0.485158
166.901429	0.485058
168.205676	0.484870
168.364343	0.484746
168.779915	0.484620
169.054791	0.484421
169.199178	0.484308
169.497143	0.484182
169.641207	0.484070
169.655811	0.483983
169.368477	0.483859
169.941974	0.483746
170.452815	0.483597
170.633820	0.483508
170.765803	0.483358
170.491528	0.483246
171.248274	0.483133
171.612763	0.483009
171.431854	0.482920
171.756783	0.482758
171.692170	0.482620
172.121831	0.482522
172.136993	0.482384
172.564697	0.482271
172.854834	0.482145
172.957652	0.482033
172.918555	0.481958
173.167961	0.481845
173.517846	0.481747
173.532590	0.481621
173.389460	0.481522
173.963236	0.481433
174.237127	0.481335
174.303240	0.481234
174.787021	0.481108
174.865582	0.480995
174.914935	0.480897
175.308353	0.480784
175.530839	0.480684
175.646392	0.480572
175.883342	0.480471
176.103488	0.480335
176.079370	0.480183
176.379998	0.480084
176.795621	0.479958
176.756899	0.479808
177.148632	0.479710
177.397663	0.479560
178.075191	0.479422
177.945592	0.479309
178.180673	0.479160
178.244255	0.479059
178.415327	0.478923
178.664593	0.478846
178.806928	0.478747
178.844673	0.478659
179.080540	0.478560
179.224369	0.478448
179.537268	0.478385
179.433044	0.478260
179.669758	0.478148
179.811902	0.478036
180.137301	0.477923
180.166649	0.477872
180.254864	0.477759
180.738696	0.477685
180.270071	0.477572
180.374670	0.477485
180.621781	0.477410
181.222757	0.477272
181.325811	0.477172
181.626666	0.477097
181.744420	0.476973
182.084416	0.476884
182.384860	0.476760
182.476061	0.476635
182.710532	0.476535
182.763576	0.476397
183.180275	0.476322
183.051234	0.476186
183.363523	0.476135
183.664430	0.476034
183.350874	0.475884
184.249580	0.475797
184.760237	0.475647
184.812393	0.475535
184.839681	0.475348
185.883758	0.475186
185.858567	0.475097
186.064624	0.474985
186.222594	0.474884
186.027212	0.474798
186.810590	0.474685
186.942852	0.474585
187.019737	0.474472
187.304355	0.474348
187.202234	0.474247
187.373079	0.474135
187.788930	0.474034
188.194480	0.473887
188.365648	0.473786
188.363640	0.473674
187.985987	0.473547
188.767828	0.473461
188.767549	0.473311
188.352257	0.473248
189.498308	0.473173
188.196994	0.473048
189.055677	0.472985
189.368893	0.472861
189.526669	0.472723
189.850856	0.472648
190.035274	0.472536
190.296011	0.472449
190.138276	0.472360
190.402330	0.472236
190.883081	0.472149
190.817020	0.472049
190.805497	0.471948
191.562567	0.471861
191.809405	0.471786
191.653863	0.471648
191.967549	0.471498
192.568525	0.471412
192.658792	0.471274
193.140477	0.471199
193.063033	0.471072
193.468907	0.470911
193.950635	0.470812
194.342044	0.470674
194.225695	0.470524
194.892357	0.470436
194.984868	0.470286
195.021765	0.470211
195.153932	0.470086
194.660209	0.469974
196.118182	0.469824
196.106425	0.469686
196.785771	0.469562
196.354522	0.469450
197.005689	0.469349
196.787638	0.469173
196.970468	0.469012
197.935235	0.468923
198.182117	0.468787
198.364379	0.468686
198.520384	0.468537
198.131358	0.468424
198.598387	0.468337
199.474939	0.468199
197.462236	0.468174
197.726881	0.468124
198.860991	0.467949
199.317065	0.467888
199.383257	0.467724
199.853141	0.467623
200.296662	0.467450
202.353135	0.467324
199.562220	0.467361
198.951363	0.467349
198.939047	0.467338
198.821903	0.467312
198.873544	0.467263
198.912502	0.467237
198.898221	0.467200
198.912546	0.467188
198.859080	0.467125
198.937038	0.467075
198.910258	0.467061
198.910397	0.467024
198.873221	0.467000
198.912641	0.466937
198.951407	0.466888
198.988540	0.466849
198.936943	0.466799
198.899906	0.466799
198.949678	0.466750
198.861044	0.466712
199.081007	0.466687
198.936899	0.466661
198.939047	0.466612
198.988679	0.466574
198.924766	0.466537
199.066403	0.466525
198.951503	0.466488
198.978188	0.466488
199.015320	0.466450
198.951363	0.466399
199.017050	0.466375
198.976319	0.466350
198.964003	0.466324
199.041866	0.466275
199.056470	0.466237
199.056191	0.466212
198.976179	0.466188
199.095611	0.466188
199.095192	0.466150
199.171509	0.466113
199.066682	0.466099
199.068551	0.466050
199.068507	0.466062
199.068830	0.466012
199.080963	0.465987
199.119912	0.465963
199.029645	0.465937
199.120148	0.465912
199.185974	0.465888
199.080911	0.465863
199.080867	0.465825
199.081146	0.465799
199.107971	0.465799
199.197967	0.465762
199.249652	0.465736
199.107971	0.465713
199.105544	0.465701
199.146693	0.465675
199.144824	0.465624
199.066542	0.465624
199.171370	0.465612
199.132508	0.465575
199.159289	0.465575
199.224791	0.465537
199.171326	0.465512
199.107927	0.465474
199.224791	0.465474
199.185650	0.465450
199.198246	0.465425
199.132368	0.465413
199.146693	0.465387
199.185930	0.465375
199.171370	0.465338
199.146693	0.465312
199.237152	0.465312
199.173474	0.465300
199.198106	0.465287
199.327610	0.465263
199.185694	0.465237
199.185834	0.465237
199.327794	0.465188
199.056470	0.465174
199.249607	0.465162
199.460475	0.465113
199.655246	0.465088
198.991665	0.465088
199.746263	0.465024
200.163152	0.465024
199.694578	0.465013
199.695600	0.464938
200.363240	0.464837
201.338682	0.464774
201.497026	0.464699
201.655310	0.464624
201.576286	0.464563
201.627045	0.464526
202.489821	0.464488
202.621194	0.464324
203.027669	0.464113
204.370079	0.463975
205.528221	0.463851
205.168210	0.463762
205.022600	0.463624
205.323552	0.463474
206.159050	0.463350
206.525922	0.463212
207.046792	0.463100
207.346432	0.462901
207.791631	0.462739
208.326406	0.462650
208.483205	0.462488
208.889079	0.462400
209.397867	0.462250
209.358447	0.462100
209.410088	0.462051
210.324559	0.461913
209.972665	0.461826
210.271189	0.461650
210.885826	0.461451
211.589621	0.461388
211.683065	0.461226
212.541879	0.461088
212.216670	0.460964
213.811097	0.460789
214.097679	0.460639
214.293759	0.460463
214.399703	0.460325
215.572719	0.460138
216.057625	0.459951
216.160304	0.459826
217.035031	0.459639
216.746720	0.459538
217.164910	0.459388
217.098988	0.459201
217.739054	0.459114
217.699685	0.458988
217.477619	0.458927
217.673463	0.458789
218.458291	0.458639
218.509373	0.458527
219.268126	0.458363
218.589287	0.458264
219.894425	0.458089
220.023745	0.457939
220.508415	0.457839
220.872860	0.457689
220.836845	0.457576
221.486660	0.457401
222.086982	0.457288
222.805231	0.457152
222.284178	0.457014
222.321494	0.456902
223.378170	0.456714
223.275018	0.456640
223.615573	0.456452
224.059234	0.456265
224.738396	0.456139
225.260103	0.455940
226.081225	0.455778
226.357779	0.455565
227.113869	0.455377
227.899395	0.455202
228.471582	0.454977
228.366519	0.454839
229.505815	0.454640
228.892199	0.454478
229.635275	0.454315
229.466674	0.454139
229.948307	0.454040
230.168783	0.453865
230.260971	0.453764
230.182270	0.453689
230.233632	0.453577
230.311914	0.453514
230.285133	0.453427
230.365240	0.453327
230.441374	0.453277
230.441374	0.453214
230.338459	0.453153
230.414593	0.453078
230.455743	0.453015
230.441278	0.452966
230.404102	0.452865
230.323811	0.452840
230.468154	0.452765
230.558657	0.452678
230.861198	0.452640
230.690309	0.452565
230.651264	0.452540
230.950066	0.452465
231.068939	0.452390
229.240183	0.452427
228.940628	0.452453
228.901487	0.452439
228.889171	0.452427
228.928268	0.452416
228.913804	0.452390
228.901627	0.452378
228.889311	0.452327
228.953033	0.452327
228.979769	0.452303
228.938664	0.452278
228.926348	0.452228
228.967453	0.452228
229.031035	0.452191
228.109422	0.452053
230.652146	0.451940
230.937890	0.451840
231.133455	0.451802
231.537739	0.451666
232.009674	0.451591
232.192225	0.451503
232.531382	0.451378
233.249545	0.451252
233.509067	0.451177
233.082297	0.451041
234.032923	0.450978
234.321234	0.450854
234.685540	0.450779
234.803058	0.450664
235.273727	0.450566
235.534655	0.450465
235.913748	0.450341
236.359043	0.450240
236.516305	0.450079
237.820228	0.449891
236.812594	0.449840
237.910216	0.449704
238.288846	0.449615
238.379724	0.449491
238.915241	0.449391
239.426273	0.449241
239.228325	0.449116
239.856405	0.449053
240.065212	0.448903
240.627143	0.448803
240.744749	0.448653
241.148336	0.448541
240.770124	0.448442
241.437066	0.448341
241.879697	0.448229
241.957840	0.448103
242.165956	0.448016
241.673124	0.447941
242.559654	0.447803
242.912062	0.447679
243.002564	0.447592
243.565053	0.447454
243.983427	0.447367
244.098562	0.447241
244.282135	0.447154
244.714605	0.447042
244.856190	0.446904
244.831609	0.446855
244.829321	0.446766
244.777864	0.446667
244.763260	0.446616
245.013129	0.446555
245.299013	0.446492
245.404024	0.446379
245.364883	0.446328
245.301440	0.446279
245.638781	0.446204
245.717666	0.446129
246.279920	0.446054
246.096620	0.445953
246.566267	0.445892
246.619733	0.445792
246.786788	0.445717
247.285129	0.445616
247.285085	0.445529
247.505466	0.445466
247.637353	0.445368
247.794057	0.445291
247.936156	0.445178
248.420077	0.445103
248.212247	0.445054
248.523131	0.444954
248.562691	0.444892
249.190910	0.444766
249.531282	0.444654
249.725257	0.444553
250.549182	0.444417
251.847940	0.444417
248.365589	0.444441
248.431555	0.444429
248.367833	0.444417
248.314412	0.444392
248.314551	0.444366
248.355517	0.444293
248.380194	0.444293
248.380194	0.444254
248.341097	0.444230
248.367833	0.444192
248.394518	0.444155
248.365729	0.444129
248.314412	0.444104
248.368157	0.444066
248.431651	0.444054
248.405010	0.444017
248.380289	0.443968
248.355657	0.443954
248.394518	0.443916
248.433659	0.443893
248.380010	0.443855
248.404870	0.443841
248.404730	0.443804
248.483012	0.443780
248.419151	0.443755
248.394658	0.443729
248.341097	0.443692
248.446115	0.443668
247.114755	0.443642
247.401574	0.443668
248.538896	0.443530
249.660367	0.443467
249.698949	0.443380
250.143028	0.443242
251.475366	0.443179
251.788589	0.443066
251.671446	0.442980
252.831587	0.442842
252.781761	0.442717
254.543714	0.442605
254.218366	0.442418
255.051709	0.442305
255.407059	0.442155
255.653941	0.442043
256.282065	0.441917
256.201679	0.441781
256.749234	0.441729
256.751757	0.441605
256.867634	0.441530
257.481250	0.441392
257.703221	0.441294
257.755097	0.441205
258.263606	0.441106
258.395677	0.440992
259.127046	0.440905
258.943327	0.440781
259.114914	0.440706
259.283698	0.440605
259.582317	0.440505
259.987912	0.440418
260.105430	0.440294
260.195837	0.440243
260.274494	0.440130
260.522258	0.440055
260.810011	0.439943
261.254887	0.439819
261.397265	0.439755
261.905774	0.439669
261.905774	0.439580
262.573458	0.439468
262.676461	0.439355
263.185345	0.439280
263.172653	0.439193
263.407778	0.439107
263.552217	0.438980
263.799284	0.438868
264.036094	0.438805
264.388223	0.438718
264.662724	0.438643
265.000109	0.438531
264.752668	0.438468
265.418299	0.438355
265.772855	0.438243
266.189735	0.438168
266.842301	0.438032
267.311808	0.437894
267.664312	0.437805
268.082502	0.437655
267.938064	0.437580
268.552377	0.437456
269.009194	0.437356
268.657065	0.437243
268.684125	0.437145
268.005242	0.437081
269.283695	0.436995
269.165574	0.436906
269.596448	0.436831
269.923952	0.436707
270.394202	0.436594
270.511206	0.436506
271.032773	0.436419
271.450588	0.436281
271.856462	0.436168
272.076844	0.436107
272.181906	0.435969
272.353030	0.435906
272.547094	0.435782
272.886539	0.435681
273.642857	0.435569
273.681858	0.435457
274.011414	0.435356
273.904292	0.435257
274.491178	0.435119
274.791990	0.435044
274.872795	0.434895
275.276983	0.434831
276.176997	0.434707
276.450374	0.434557
276.411373	0.434506
276.609556	0.434382
276.673558	0.434307
277.365132	0.434183
277.732004	0.434033
277.693003	0.433958
277.913384	0.433857
278.121449	0.433794
279.321158	0.433632
277.887442	0.433558
278.775139	0.433469
279.687462	0.433295
280.264085	0.433220
280.643274	0.433070
280.550528	0.432956
280.682275	0.432857
281.072095	0.432708
281.700036	0.432607
282.404293	0.432469
281.947852	0.432382
282.705480	0.432270
283.358420	0.432157
283.696180	0.432045
283.815611	0.431933
283.800674	0.431783
284.507928	0.431708
285.029120	0.431544
285.003178	0.431469
285.499003	0.431333
285.954134	0.431195
286.763455	0.431095
286.763455	0.430996
287.157387	0.430884
287.404454	0.430769
287.690896	0.430645
288.005709	0.430544
288.463643	0.430420
288.997152	0.430308
289.087470	0.430158
289.259337	0.430034
289.806847	0.429907
290.133033	0.429783
290.878352	0.429645
291.543609	0.429507
291.908421	0.429334
293.843367	0.429207
293.240994	0.429057
293.527062	0.428945
293.632124	0.428846
293.305370	0.428720
293.972312	0.428608
294.417187	0.428484
294.769316	0.428383
294.924011	0.428245
295.328200	0.428121
296.269268	0.427997
295.748075	0.427884
296.584080	0.427784
296.347645	0.427657
296.881154	0.427559
296.883582	0.427433
297.367091	0.427259
298.018721	0.427196
298.830094	0.427058
298.644976	0.426945
299.260225	0.426821
300.862630	0.426683
297.467484	0.426721
297.718470	0.426658
297.615467	0.426646
297.665100	0.426571
297.510780	0.426559
297.626098	0.426496
297.615467	0.426458
297.654469	0.426409
297.508345	0.426372
297.627783	0.426334
297.654469	0.426297
297.730786	0.426234
297.730786	0.426196
297.730786	0.426170
297.640100	0.426096
297.743102	0.426096
297.640100	0.426046
297.601098	0.425997
297.627783	0.425971
297.757471	0.425934
297.990169	0.425896
297.730786	0.425859
297.679101	0.425810
297.808789	0.425810
297.782103	0.425758
297.679101	0.425735
297.782103	0.425695
297.913851	0.425658
297.718102	0.425620
297.940536	0.425597
297.782103	0.425559
297.901535	0.425496
298.068171	0.425496
297.705786	0.425459
298.029170	0.425421
297.796472	0.425372
297.808789	0.425334
298.030855	0.425321
298.994121	0.425309
298.396417	0.425222
298.774857	0.425171
298.931611	0.425096
298.983296	0.425072
299.193047	0.425035
298.775231	0.424983
299.572610	0.424908
300.043235	0.424796
301.153367	0.424721
301.322431	0.424583
302.026688	0.424522
302.339816	0.424384
302.850753	0.424283
302.979880	0.424208
303.724824	0.424084
300.270320	0.424035
302.459054	0.423922
305.670393	0.423747
306.021780	0.423660
306.594290	0.423548
306.687778	0.423459
307.066600	0.423321
307.731481	0.423209
307.626794	0.423134
307.994041	0.423009
308.856357	0.422923
309.206058	0.422785
309.546246	0.422710
309.727626	0.422585
309.964804	0.422459
310.174929	0.422359
310.593119	0.422246
311.153313	0.422148
311.177945	0.422073
311.610879	0.421935
311.543507	0.421834
311.644843	0.421848
309.415434	0.421860
309.271370	0.421834
310.265247	0.421747
310.812758	0.421661
311.439013	0.421597
311.452071	0.421523
311.964693	0.421422
312.339394	0.421373
312.197391	0.421310
312.838389	0.421197
313.151517	0.421148
313.268521	0.421073
313.724027	0.420960
313.843459	0.420923
314.391711	0.420822
314.626469	0.420736
314.964596	0.420673
315.003598	0.420586
315.333154	0.420523
315.357412	0.420434
315.683230	0.420335
315.957349	0.420284
316.025471	0.420197
316.622613	0.420148
316.309486	0.420047
316.440665	0.419973
317.158550	0.419898
317.720804	0.419748
318.190679	0.419685
318.398744	0.419572
318.543182	0.419511
318.948682	0.419397
319.364444	0.419284
319.574937	0.419247
320.135131	0.419148
320.279569	0.419085
320.555381	0.418973
320.827447	0.418886
321.610832	0.418797
322.016331	0.418673
322.068024	0.418572
322.226081	0.418523
322.238398	0.418448
322.199396	0.418385
322.238398	0.418322
322.576158	0.418285
322.708273	0.418186
322.941345	0.418097
323.293474	0.418010
324.247226	0.417910
324.521352	0.417811
324.758537	0.417699
325.306790	0.417573
325.802982	0.417486
325.813613	0.417360
326.128051	0.417273
325.945361	0.417186
326.546241	0.417097
326.362802	0.416999
326.585618	0.416961
326.911804	0.416873
327.432254	0.416774
327.629120	0.416648
328.295320	0.416598
328.492186	0.416486
328.832006	0.416385
329.378766	0.416299
329.651207	0.416173
329.717268	0.416111
330.371894	0.416036
330.423212	0.415962
330.553274	0.415873
330.607394	0.415786
331.296908	0.415711
332.016284	0.415573
332.055286	0.415498
332.590847	0.415398
332.409842	0.415285
332.603163	0.415210
333.033670	0.415123
333.151041	0.415074
333.332989	0.415011
333.504662	0.414873
334.549675	0.414786
334.327609	0.414699
334.471673	0.414611
332.486902	0.414536
334.864295	0.414412
336.712649	0.414362
335.099045	0.414248
335.788184	0.414173
336.467817	0.414074
336.154122	0.413962
337.016070	0.413899
337.603698	0.413775
337.747387	0.413700
338.072831	0.413587
337.984005	0.413499
338.921895	0.413424
339.679531	0.413299
339.522401	0.413248
337.787131	0.413149
340.124031	0.413011
340.149406	0.412925
341.571355	0.412761
341.624357	0.412674
342.005974	0.412587
342.434420	0.412461
342.798865	0.412374
342.828353	0.412236
343.386119	0.412187
343.245233	0.412087
343.363354	0.411974
343.909372	0.411887
344.261501	0.411787
344.849690	0.411712
344.577056	0.411588
344.875440	0.411513
345.254629	0.411461
345.606758	0.411361
345.711445	0.411288
346.362333	0.411199
346.624518	0.411112
346.599518	0.411037
347.069018	0.410949
347.301716	0.410899
347.304143	0.410813
347.671391	0.410738
348.165156	0.410637
348.206585	0.410525
348.583714	0.410462
349.104539	0.410363
348.845898	0.410251
349.627417	0.410188
349.537098	0.410099
349.982348	0.410024
350.723547	0.409937
350.502230	0.409813
350.816668	0.409762
351.168797	0.409663
351.401494	0.409562
351.714440	0.409551
349.340599	0.409551
349.326230	0.409537
349.379600	0.409513
349.352915	0.409499
349.392292	0.409438
349.299545	0.409438
349.418977	0.409399
349.365232	0.409363
349.365232	0.409326
349.404608	0.409288
349.470294	0.409263
349.404233	0.409225
349.509295	0.409188
349.210912	0.409162
349.484663	0.409125
349.313547	0.409099
349.431293	0.409062
349.445662	0.409038
349.365232	0.409024
349.404233	0.408987
349.340599	0.408949
349.445662	0.408912
349.496979	0.408888
349.430918	0.408862
349.391917	0.408813
349.431293	0.408813
349.521612	0.408762
349.443234	0.408724
349.366917	0.408701
349.416549	0.408687
349.602042	0.408638
349.562666	0.408626
349.327915	0.408600
349.379600	0.408574
349.443234	0.408551
349.836050	0.408525
348.777410	0.408525
349.027472	0.408513
349.679670	0.408500
349.861424	0.408438
349.379600	0.408425
350.240988	0.408350
350.642568	0.408363
350.069489	0.408289
349.498096	0.408300
351.558810	0.408212
351.362686	0.408151
350.892243	0.408125
351.269940	0.408099
351.763523	0.408050
348.530536	0.408076
349.013103	0.408076
349.796855	0.408024
350.489172	0.407975
350.984615	0.407926
350.996931	0.407912
352.406389	0.407851
352.085789	0.407738
353.531814	0.407650
354.458513	0.407514
354.642321	0.407462
355.358895	0.407338
355.292459	0.407301
355.750025	0.407249
356.675781	0.407125
357.122341	0.407050
357.799914	0.406950
358.111550	0.406912
358.949422	0.406814
359.067543	0.406701
359.338867	0.406638
359.577169	0.406514
360.777620	0.406388
362.005130	0.406251
362.226254	0.406113
362.122877	0.406025
362.932572	0.405889
363.583452	0.405814
364.354146	0.405650
364.656643	0.405538
365.035831	0.405451
366.183654	0.405301
365.870901	0.405189
366.847051	0.405100
367.308162	0.404964
367.476851	0.404863
368.038537	0.404688
370.010992	0.404552
369.552115	0.404388
370.608877	0.404226
371.408683	0.404114
371.523260	0.403976
371.587829	0.403901
372.397324	0.403751
370.260667	0.403664
373.025264	0.403576
373.731389	0.403402
374.462900	0.403301
374.735341	0.403189
375.363281	0.403063
375.414599	0.402976
375.687040	0.402852
376.028912	0.402763
376.303039	0.402639
376.681853	0.402538
376.809488	0.402451
377.372109	0.402339
377.855993	0.402264
378.102685	0.402152
378.247123	0.402039
378.441187	0.401964
378.951749	0.401826
379.421256	0.401751
379.381880	0.401676
379.447941	0.401590
379.565320	0.401527
379.658066	0.401426
379.814446	0.401351
379.996194	0.401264
380.688143	0.401215
381.001270	0.401089
380.949578	0.401026
381.052955	0.400976
381.118642	0.400902
381.380827	0.400838
382.319842	0.400714
382.253781	0.400651
382.620653	0.400576
382.919037	0.400489
383.182907	0.400414
383.467290	0.400328
383.652783	0.400215
384.002484	0.400178
384.814607	0.400052
385.152734	0.399977
385.348116	0.399890
385.595182	0.399801
385.778615	0.399752
386.159863	0.399651
386.079433	0.399590
386.692997	0.399490
386.876437	0.399403
387.033185	0.399352
387.226881	0.399253
387.790820	0.399202
387.370945	0.399115
387.647499	0.399026
387.958199	0.398977
388.220384	0.398876
388.442450	0.398815
388.703886	0.398740
388.716577	0.398651
389.107332	0.398628
389.474579	0.398515
389.865335	0.398478
389.683019	0.398415
390.269156	0.398366
390.283900	0.398265
390.167638	0.398178
391.029961	0.398127
391.536785	0.398028
391.590155	0.397951
391.759594	0.397890
392.189725	0.397790
392.725294	0.397727
392.999046	0.397665
393.520613	0.397553
394.082492	0.397502
394.016806	0.397403
394.332361	0.397340
394.398422	0.397253
394.736182	0.397190
395.335003	0.397115
394.839927	0.397052
395.533186	0.396977
395.480184	0.396914
395.974691	0.396865
394.669746	0.396802
395.637681	0.396715
396.367882	0.396666
397.045079	0.396577
397.033138	0.396502
396.746321	0.396453
396.851565	0.396378
397.922889	0.396315
398.418138	0.396202
399.031335	0.396116
399.488527	0.396029
398.835393	0.395928
399.841030	0.395877
400.023902	0.395764
399.789713	0.395727
400.858416	0.395628
401.511731	0.395516
401.810115	0.395479
402.399796	0.395366
402.803617	0.395277
403.037818	0.395291
401.288547	0.395228
401.288547	0.395228
401.339865	0.395179
401.420295	0.395128
401.261862	0.395104
401.315232	0.395066
401.459296	0.395029
401.354234	0.394978
401.288547	0.394940
401.339865	0.394917
401.273803	0.394853
401.234802	0.394828
401.300863	0.394778
401.366550	0.394741
401.498298	0.394690
401.471612	0.394678
401.562299	0.394629
401.417867	0.394577
401.417867	0.394540
401.417867	0.394502
401.459296	0.394441
401.613616	0.394441
401.549615	0.394390
401.483929	0.394378
401.691994	0.394366
401.757680	0.394315
401.576300	0.394291
401.561931	0.394266
401.613616	0.394240
401.588616	0.394203
401.549615	0.394165
401.561931	0.394165
401.537299	0.394102
401.561931	0.394090
401.576300	0.394067
401.444552	0.394041
401.652618	0.394015
401.718304	0.393978
401.718304	0.393966
401.588616	0.393940
401.875059	0.393915
401.850426	0.393891
401.796681	0.393865
401.664934	0.393840
401.769996	0.393816
401.730620	0.393802
401.847999	0.393765
400.141099	0.393765
401.107167	0.393727
402.425739	0.393678
402.973249	0.393615
403.365497	0.393566
404.250760	0.393516
404.302077	0.393465
404.343881	0.393404
404.944761	0.393378
405.035822	0.393315
405.310323	0.393266
405.896835	0.393217
407.151773	0.393104
407.256836	0.393041
407.597023	0.392952
408.091156	0.392842
409.956863	0.392779
409.463105	0.392716
409.057598	0.392641
409.644852	0.392566
410.493924	0.392479
410.806676	0.392390
411.485934	0.392292
411.525678	0.392191
412.215567	0.392128
412.516378	0.392041
413.340442	0.391978
413.076947	0.391878
414.109451	0.391805
414.344201	0.391690
414.397011	0.391592
415.258584	0.391517
415.507711	0.391442
415.858154	0.391367
416.615415	0.391304
413.901011	0.391278
414.331143	0.391266
414.526524	0.391229
414.475207	0.391203
414.123078	0.391166
414.659014	0.391091
414.944714	0.391053
415.257842	0.391016
415.272211	0.390978
415.624714	0.390904
415.636656	0.390866
415.714658	0.390817
416.533686	0.390803
414.058134	0.390791
415.360844	0.390716
415.792286	0.390704
414.057759	0.390691
415.285269	0.390653
415.843979	0.390629
416.681476	0.390578
415.910782	0.390541
416.745477	0.390442
417.058605	0.390391
418.051733	0.390304
418.471983	0.390241
418.719424	0.390180
419.215617	0.390105
419.489368	0.390016
420.404494	0.389979
420.181685	0.389892
420.702877	0.389843
420.912628	0.389754
421.004438	0.389691
421.434570	0.389630
421.879070	0.389555
422.268890	0.389503
422.686706	0.389429
422.532386	0.389354
422.596387	0.389304
423.537830	0.389255
423.913474	0.389192
423.681893	0.389117
423.903017	0.389030
424.709910	0.388955
424.998405	0.388880
425.574660	0.388829
425.768724	0.388768
426.446672	0.388667
427.075729	0.388604
427.413114	0.388541
428.288496	0.388466
427.857990	0.388391
428.340181	0.388293
429.034183	0.388255
429.020181	0.388155
429.396943	0.388080
430.546644	0.387993
429.230113	0.387879
430.507449	0.387806
431.331888	0.387691
431.045252	0.387642
433.431228	0.387541
432.650085	0.387417
433.433088	0.387342
434.070368	0.387279
434.359412	0.387204
434.671229	0.387080
434.974475	0.386942
436.292672	0.386843
436.826181	0.386705
437.845994	0.386605
438.210814	0.386467
436.516780	0.386331
438.929816	0.386242
439.387382	0.386092
440.431452	0.385993
440.534830	0.385867
441.502958	0.385755
442.207215	0.385642
442.469026	0.385530
443.134657	0.385418
444.202985	0.385268
444.230420	0.385167
445.235864	0.385068
445.040115	0.384956
445.916239	0.384844
446.345996	0.384729
446.738243	0.384593
448.134075	0.384518
446.894248	0.384418
448.658070	0.384305
449.793576	0.384144
450.266436	0.383931
451.515969	0.383844
449.074200	0.383755
450.171273	0.383718
450.328028	0.383655
450.537403	0.383593
450.498402	0.383556
450.393714	0.383493
450.420400	0.383430
450.588721	0.383392
450.626037	0.383331
450.523035	0.383268
450.469282	0.383219
450.745469	0.383167
450.537403	0.383118
450.757785	0.383081
450.809102	0.383006
450.887472	0.382956
451.004851	0.382919
451.605732	0.382856
450.941592	0.382818
450.887847	0.382769
452.391718	0.382631
453.889436	0.382556
454.975310	0.382418
455.014311	0.382369
455.117688	0.382268
456.137134	0.382118
455.980754	0.382081
456.580324	0.381969
457.025199	0.381894
457.245580	0.381807
457.533708	0.381718
458.120962	0.381655
458.054901	0.381568
458.642155	0.381505
459.204409	0.381381
459.490851	0.381318
459.204409	0.381280
459.583598	0.381182
459.867980	0.381130
460.014471	0.381032
460.965796	0.380943
462.166621	0.380882
461.555109	0.380770
461.971614	0.380718
462.115678	0.380620
462.166996	0.380557
462.311802	0.380493
463.550137	0.380407
460.720221	0.380355
464.321573	0.380231
464.464326	0.380156
465.093384	0.380032
466.098453	0.379894
466.932031	0.379782
467.064154	0.379695
467.549147	0.379606
468.864917	0.379494
468.512413	0.379393
469.035666	0.379332
469.597920	0.379206
469.519542	0.379119
469.492857	0.379044
469.794043	0.379007
470.537302	0.378920
470.705991	0.378794
471.124556	0.378744
471.687185	0.378618
472.535874	0.378520
472.809633	0.378456
472.991013	0.378344
473.240139	0.378295
473.330826	0.378194
473.370944	0.378119
474.243523	0.378044
474.311637	0.377932
474.166638	0.377869
475.380340	0.377770
476.567164	0.377670
476.672602	0.377595
477.117102	0.377508
477.442546	0.377419
479.245369	0.377319
478.187297	0.377220
476.619792	0.377206
479.194051	0.377082
479.846992	0.377007
480.681687	0.376869
481.114996	0.376745
481.894828	0.376682
482.535827	0.376569
483.059822	0.376482
484.100348	0.376358
483.948263	0.376206
485.223913	0.376082
486.530918	0.375920
488.399053	0.375771
489.102000	0.375558
490.161190	0.375420
491.217201	0.375295
491.388325	0.375157
491.414643	0.375045
492.731529	0.374869
488.101593	0.374846
491.779455	0.374720
493.489532	0.374558
494.703041	0.374445
495.044346	0.374282
495.943610	0.374183
497.797376	0.374019
496.467605	0.373870
497.995185	0.373783
499.937035	0.373621
497.442445	0.373584
497.535191	0.373483
497.520447	0.373383
497.574192	0.373345
497.403443	0.373270
497.796259	0.373170
497.757257	0.373120
497.915690	0.373033
497.625510	0.373008
497.889005	0.372933
497.265359	0.372858
498.723700	0.372757
498.984200	0.372682
499.547764	0.372596
500.213021	0.372495
500.577466	0.372420
500.473895	0.372308
502.144414	0.372207
501.453965	0.372146
502.730733	0.372034
503.344672	0.371945
503.659484	0.371846
504.024304	0.371734
504.428118	0.371659
505.237814	0.371533
507.036160	0.371458
505.592745	0.371397
506.832197	0.371284
507.183951	0.371207
507.667259	0.371083
508.633335	0.370959
509.090151	0.370858
509.782842	0.370758
510.524041	0.370645
511.099354	0.370547
511.312282	0.370446
513.094574	0.370322
512.985216	0.370196
512.941178	0.370095
514.063626	0.369971
514.614306	0.369795
515.850956	0.369721
516.206262	0.369571
517.719465	0.369496
517.157586	0.369346
518.202406	0.369233
519.794730	0.369109
520.070541	0.369009
520.122976	0.368871
520.514106	0.368772
521.061616	0.368660
521.624806	0.368547
523.916350	0.368458
520.567851	0.368384
523.764446	0.368245
522.969127	0.368147
525.214398	0.368046
526.532594	0.367871
525.253767	0.367784
525.633705	0.367622
525.751451	0.367496
526.509454	0.367447
527.237969	0.367323
527.954544	0.367234
527.722221	0.367121
528.922671	0.366997
529.680674	0.366908
529.639988	0.366796
531.050938	0.366697
531.075938	0.366571
532.421195	0.366421
533.109785	0.366360
530.747692	0.366335
530.343503	0.366309
529.722285	0.366248
531.337006	0.366133
532.409996	0.366021
533.857145	0.365871
534.888900	0.365784
535.620217	0.365646
536.495599	0.365522
536.143277	0.365422
537.159545	0.365286
538.061237	0.365185
538.478117	0.365073
539.419560	0.364960
540.451689	0.364848
540.085184	0.364722
541.312694	0.364623
540.946939	0.364497
542.084130	0.364398
543.701654	0.364309
543.335898	0.364197
543.689713	0.364122
544.418603	0.363998
544.903222	0.363885
545.372729	0.363811
545.803603	0.363672
545.909041	0.363609
546.598180	0.363485
547.212868	0.363385
547.395559	0.363310
547.957813	0.363197
548.335316	0.363136
548.520809	0.363036
549.199499	0.362909
549.758576	0.362848
549.575511	0.362736
550.752078	0.362685
550.672959	0.362560
