26.539000	0.620154
26.539000	0.620154
26.551360	0.620154
26.513432	0.620054
27.583436	0.619955
28.211516	0.619855
28.301930	0.619754
27.753391	0.619754
28.067033	0.619754
28.876912	0.619555
29.007070	0.619454
29.463424	0.619155
29.361722	0.619255
29.726351	0.619155
29.998189	0.619155
30.259955	0.619056
30.431403	0.618855
30.834849	0.618855
31.279445	0.618754
31.228686	0.618455
31.788461	0.618356
31.987064	0.618455
32.456057	0.618356
32.583692	0.618155
33.053383	0.618054
32.300331	0.618054
32.977389	0.618054
33.186344	0.618054
33.290796	0.617956
33.917426	0.617855
33.995848	0.617755
32.099913	0.617855
32.492212	0.618054
32.440894	0.617956
32.467675	0.618054
32.479991	0.617956
32.533361	0.618054
32.426569	0.618054
32.140362	0.617956
32.543713	0.618054
32.572502	0.617855
33.552702	0.617755
33.865785	0.617755
33.958713	0.617455
35.003536	0.617256
35.172416	0.617356
35.341016	0.617256
35.458667	0.617054
35.653673	0.617155
35.901394	0.616855
36.124673	0.616956
36.568990	0.616855
36.987224	0.616755
37.286122	0.616656
37.442870	0.616457
37.379192	0.616556
37.587353	0.616256
37.756512	0.616354
38.227653	0.616457
38.592282	0.616354
38.656335	0.616256
38.852834	0.616055
39.128594	0.616055
39.282965	0.615956
39.793806	0.615856
40.106654	0.615656
40.446658	0.615556
40.498395	0.615455
40.902069	0.615455
41.085597	0.615355
41.425601	0.615155
41.662595	0.614956
41.843791	0.614956
42.091511	0.614956
42.483105	0.614856
42.783218	0.614755
43.006078	0.614556
43.228468	0.614556
43.487946	0.614556
43.671099	0.614455
43.800978	0.614455
44.048280	0.614357
44.128430	0.614357
44.336870	0.614256
44.598262	0.614256
44.625182	0.614156
44.794018	0.614156
44.780156	0.614057
45.447333	0.613955
45.500843	0.613955
45.631280	0.613755
46.088516	0.613657
46.426459	0.613556
46.949293	0.613556
47.197197	0.613456
47.497685	0.613256
47.783893	0.613057
47.849814	0.613156
48.294410	0.613057
48.307145	0.612957
48.683951	0.612856
48.608052	0.612856
48.869443	0.612856
49.011866	0.612657
49.207343	0.612657
49.508713	0.612657
49.679322	0.612556
49.938609	0.612257
49.885658	0.612456
50.185727	0.612357
50.291069	0.612357
50.486443	0.612257
50.552695	0.612056
50.826631	0.612156
51.076176	0.612056
51.270151	0.612056
51.467865	0.611856
51.661701	0.611657
52.052412	0.611756
52.250265	0.611657
52.433470	0.611657
52.497383	0.611355
52.509883	0.611557
52.707317	0.611355
52.812379	0.611458
52.940014	0.611458
51.296557	0.611557
51.153105	0.611657
51.074919	0.611458
51.111956	0.611557
51.075198	0.611557
51.035918	0.611557
51.033909	0.611657
51.126281	0.611557
51.112191	0.611458
51.192202	0.611557
51.216835	0.611557
51.192202	0.611458
51.060594	0.611657
51.138641	0.611458
51.046269	0.611458
50.982408	0.611657
50.397756	0.611557
52.250963	0.611257
52.759428	0.611257
53.005980	0.611156
52.968235	0.611156
53.346821	0.611056
53.828594	0.610957
54.063300	0.610857
54.104405	0.610857
54.520256	0.610857
54.559912	0.610557
54.965602	0.610657
55.068604	0.610557
55.019531	0.610557
55.382160	0.610456
55.538296	0.610356
55.567923	0.610257
55.917903	0.610058
56.065093	0.610058
56.727363	0.610058
56.781064	0.609957
56.911031	0.609857
57.392760	0.609857
57.473050	0.609756
57.720866	0.609557
58.072995	0.609557
58.373483	0.609257
58.581872	0.609358
58.701678	0.609157
59.457488	0.609157
59.563573	0.609058
59.942107	0.608958
60.281597	0.608958
60.646461	0.608756
60.854107	0.608756
60.932624	0.608658
61.206471	0.608557
61.260679	0.608358
62.120942	0.608358
61.937972	0.608358
62.147862	0.608257
62.486181	0.608159
62.630752	0.607958
63.219926	0.607757
63.648049	0.607757
64.171721	0.607557
64.340505	0.607358
64.459797	0.607459
64.524452	0.607358
64.993166	0.607258
65.227688	0.607157
65.229837	0.607157
65.137744	0.607057
65.543383	0.606857
65.685483	0.606759
64.091807	0.606857
64.547174	0.606958
64.522497	0.606958
64.510276	0.606857
64.547174	0.606857
64.547313	0.606958
63.496243	0.606857
65.110266	0.606857
65.239534	0.606759
65.359017	0.606558
65.555001	0.606759
65.554582	0.606759
65.488940	0.606759
65.371980	0.606759
65.618863	0.606658
65.748881	0.606459
65.868129	0.606658
65.829127	0.606558
65.920189	0.606459
66.181396	0.606459
66.404344	0.606356
66.729185	0.606356
66.846652	0.606157
66.885889	0.606157
66.834711	0.606258
67.108558	0.606157
67.174524	0.606157
67.382920	0.606157
67.446642	0.606059
67.669267	0.606059
67.996719	0.605858
68.192328	0.605958
68.126502	0.605858
68.532192	0.605759
68.686652	0.605759
68.909181	0.605658
69.158308	0.605658
68.936565	0.605658
69.564182	0.605558
69.549813	0.605258
69.640639	0.605359
69.927361	0.605359
70.059013	0.605258
70.203914	0.605158
70.541256	0.605158
70.907805	0.604858
71.103458	0.604958
71.284934	0.604858
71.286803	0.604858
71.416821	0.604659
71.573385	0.604659
71.717544	0.604659
71.927338	0.604659
72.122904	0.604659
72.186956	0.604558
72.199780	0.604359
72.148374	0.604457
72.422544	0.604359
72.750092	0.604258
72.840639	0.604258
73.206769	0.604158
73.256262	0.604158
73.466247	0.604158
73.598318	0.604059
73.845157	0.603959
73.884482	0.603959
74.014265	0.603860
73.975499	0.603659
74.119842	0.603757
74.210249	0.603659
74.366629	0.603659
74.457550	0.603558
74.630403	0.603558
74.890065	0.603458
74.916986	0.603558
75.136948	0.603458
75.371000	0.603458
75.019665	0.603458
75.555601	0.603359
75.778505	0.603359
76.262522	0.603160
77.175036	0.602959
77.397425	0.602959
77.397565	0.602858
77.553989	0.602758
77.867300	0.602758
77.815755	0.602659
78.023497	0.602659
78.429275	0.602558
78.532138	0.602359
78.520153	0.602259
78.599133	0.602359
78.950607	0.602158
79.224410	0.602259
79.329377	0.602058
79.432850	0.602058
79.537773	0.601959
79.601914	0.602158
79.968228	0.601858
80.124792	0.601959
80.151992	0.601858
80.283879	0.601659
80.569946	0.601760
80.726187	0.601659
80.883030	0.601559
81.026954	0.601659
81.039550	0.601659
81.195783	0.601559
81.443180	0.601259
81.430724	0.601460
81.523750	0.601259
81.639208	0.601358
81.537183	0.601158
82.135820	0.601158
82.123695	0.601060
82.619652	0.601060
82.553731	0.601060
82.996737	0.600959
83.218987	0.600959
83.038122	0.600859
83.492930	0.600760
83.598499	0.600760
83.598830	0.600659
84.043051	0.600460
84.158605	0.600460
84.200034	0.600559
84.432592	0.600460
84.474256	0.600460
84.813649	0.600460
84.955844	0.600360
85.073267	0.600259
85.347254	0.600273
85.269112	0.600198
85.686787	0.600147
85.961053	0.600123
86.208215	0.600034
86.508887	0.599959
86.562867	0.599922
86.756607	0.599847
86.810352	0.599786
86.979416	0.599723
87.111355	0.599660
87.463249	0.599585
87.541251	0.599561
87.593171	0.599524
87.868983	0.599449
87.854563	0.599411
88.559056	0.599348
88.389992	0.599311
88.443597	0.599259
88.532231	0.599198
88.690664	0.599161
88.754621	0.599147
88.781776	0.599109
88.833417	0.599072
89.304698	0.599023
89.278057	0.598973
89.407612	0.598922
89.825148	0.598873
88.963533	0.598960
88.063850	0.598973
87.985707	0.598973
87.971148	0.598973
87.917777	0.598948
87.971287	0.598948
87.905740	0.598948
87.944742	0.598960
87.932146	0.598936
88.076166	0.598936
87.528837	0.598910
88.636779	0.598873
88.570674	0.598861
88.571092	0.598835
88.910486	0.598810
87.735420	0.598847
88.311710	0.598810
88.807484	0.598786
88.611544	0.598749
88.495753	0.598749
87.891844	0.598786
87.503183	0.598772
89.224966	0.598660
89.747565	0.598611
89.916445	0.598547
90.997378	0.598547
90.100767	0.598510
91.129814	0.598409
90.976053	0.598348
89.829294	0.598285
91.628714	0.598210
91.680406	0.598123
92.032535	0.598098
92.267844	0.597997
92.372487	0.597974
92.660939	0.597910
93.064429	0.597847
93.179983	0.597810
93.128761	0.597761
93.546481	0.597711
93.834844	0.597636
93.873889	0.597611
93.703559	0.597573
94.214216	0.597498
94.576557	0.597449
94.564755	0.597398
94.788970	0.597360
95.166150	0.597297
95.466727	0.597210
95.689308	0.597173
95.635981	0.597110
96.262281	0.597035
96.667596	0.596986
96.704964	0.596923
96.718914	0.596885
96.536267	0.596848
97.071461	0.596773
97.409501	0.596735
97.580669	0.596648
97.817618	0.596585
98.233704	0.596524
98.573613	0.596449
98.808319	0.596374
98.833458	0.596311
99.055664	0.596248
99.356197	0.596173
99.590719	0.596161
99.657383	0.596110
99.916626	0.596049
100.231438	0.596011
100.204989	0.595937
100.400737	0.595911
100.413193	0.595824
100.596398	0.595761
100.675283	0.595749
100.963315	0.595686
101.171292	0.595637
102.134427	0.595623
99.526666	0.595686
99.761652	0.595674
99.798365	0.595674
99.864287	0.595698
99.734827	0.595686
99.788013	0.595637
99.656501	0.595649
99.786188	0.595623
99.825146	0.595637
99.786284	0.595623
99.656640	0.595623
99.747283	0.595611
99.707906	0.595611
99.825050	0.595599
99.851647	0.595599
99.903288	0.595599
99.798365	0.595599
99.825285	0.595586
99.851926	0.595562
99.722511	0.595562
99.683186	0.595574
99.708002	0.595574
100.152502	0.595487
100.909335	0.595424
100.872298	0.595398
100.779787	0.595412
101.197602	0.595375
101.406226	0.595300
101.706530	0.595260
101.811497	0.595223
102.190825	0.595185
102.345425	0.595110
102.555778	0.595061
102.712297	0.594998
102.971820	0.594937
103.157128	0.594911
103.807781	0.594848
103.900667	0.594787
103.976845	0.594749
104.016081	0.594712
104.226294	0.594661
104.501687	0.594637
104.226111	0.594600
104.407491	0.594574
104.449155	0.594511
104.918846	0.594473
105.113015	0.594436
105.141236	0.594398
105.179066	0.594349
105.961755	0.594300
103.821870	0.594349
102.860453	0.594361
105.258475	0.594249
105.820538	0.594185
106.117891	0.594087
106.577326	0.594024
106.980861	0.593974
107.137101	0.593937
107.254663	0.593899
107.345681	0.593811
107.685633	0.593761
108.052506	0.593712
108.455812	0.593600
108.913283	0.593574
108.952799	0.593511
109.449080	0.593436
109.867226	0.593324
110.442024	0.593249
110.544982	0.593174
110.714142	0.593073
110.990137	0.593024
111.354486	0.592937
111.486469	0.592874
111.667805	0.592848
111.993153	0.592773
112.061642	0.592724
112.765385	0.592637
112.766319	0.592537
113.338506	0.592474
113.521240	0.592399
113.470114	0.592387
113.651773	0.592300
113.849861	0.592211
113.993410	0.592186
114.277888	0.592113
114.630297	0.592062
114.749544	0.592024
114.906248	0.591961
114.893932	0.591924
114.984949	0.591862
115.546548	0.591825
115.651515	0.591787
115.818526	0.591724
115.923310	0.591724
116.065453	0.591661
116.106882	0.591649
116.158574	0.591600
116.238865	0.591586
116.329786	0.591549
116.681592	0.591500
116.669555	0.591488
116.838575	0.591425
117.347363	0.591399
117.347128	0.591350
117.308729	0.591275
117.621350	0.591249
117.660674	0.591212
117.919917	0.591186
117.855864	0.591137
117.961206	0.591099
118.013082	0.591125
118.117770	0.591074
118.235524	0.590999
118.509231	0.590999
118.782659	0.590987
118.756158	0.590961
118.809624	0.590924
118.848294	0.590912
118.535821	0.590886
118.626654	0.590825
119.137216	0.590811
119.343551	0.590736
119.384841	0.590725
119.722365	0.590687
119.878789	0.590638
119.842032	0.590612
120.270713	0.590575
120.270434	0.590537
120.363181	0.590525
120.429661	0.590474
121.042203	0.590425
120.125821	0.590587
118.470886	0.590587
118.233142	0.590638
117.307193	0.590661
117.243515	0.590661
117.190241	0.590650
118.706193	0.590537
119.448937	0.590462
120.155718	0.590376
121.028672	0.590324
121.341800	0.590275
121.314880	0.590238
121.432163	0.590212
121.524769	0.590151
121.615786	0.590111
122.126488	0.590025
122.308103	0.589987
122.398510	0.589963
122.608870	0.589912
122.895401	0.589875
122.921998	0.589825
123.169064	0.589788
123.366733	0.589750
123.327732	0.589699
123.443191	0.589675
123.626020	0.589638
123.731179	0.589638
123.821865	0.589587
124.056666	0.589537
124.108307	0.589537
124.213370	0.589474
124.318616	0.589474
124.423679	0.589451
124.788263	0.589376
124.919872	0.589362
125.101112	0.589324
125.113472	0.589301
125.296721	0.589250
125.401828	0.589224
125.453424	0.589188
125.624504	0.589175
125.597951	0.589125
125.952001	0.589112
125.964780	0.589076
125.989317	0.589062
126.172338	0.588975
126.302165	0.588975
126.395470	0.588924
126.916016	0.588887
126.889559	0.588826
126.865161	0.588774
127.204467	0.588751
127.373016	0.588725
127.361354	0.588676
127.544559	0.588662
127.767044	0.588601
128.014486	0.588575
128.208226	0.588526
128.482073	0.588488
128.664998	0.588451
128.953449	0.588413
129.007194	0.588362
129.110153	0.588313
129.435501	0.588313
129.396500	0.588275
129.579888	0.588212
129.866147	0.588175
130.025278	0.588137
130.611973	0.588100
130.715211	0.588062
131.120997	0.587976
131.160322	0.587950
131.277884	0.587887
131.473964	0.587849
131.747296	0.587826
131.981958	0.587751
132.099469	0.587751
132.310153	0.587700
132.661863	0.587688
132.637980	0.587625
133.092648	0.587564
133.405776	0.587550
133.523015	0.587500
133.694367	0.587451
130.769375	0.587550
131.682780	0.587550
131.734238	0.587538
131.707413	0.587550
131.695141	0.587550
131.707457	0.587526
131.682825	0.587489
131.695185	0.587512
131.707501	0.587489
131.615130	0.587489
132.022077	0.587400
133.314715	0.587362
133.561781	0.587301
133.211284	0.587276
133.992471	0.587262
134.200772	0.587201
134.462582	0.587149
134.633191	0.587100
134.645742	0.587088
135.076241	0.587037
135.286366	0.587013
135.545845	0.586976
135.599590	0.586913
135.885841	0.586887
136.003595	0.586838
136.213948	0.586800
136.434005	0.586737
136.709582	0.586714
136.812864	0.586662
136.825459	0.586639
136.969898	0.586564
137.387897	0.586489
137.321931	0.586463
137.517452	0.586400
137.622559	0.586376
137.805903	0.586339
137.766667	0.586288
137.793447	0.586288
137.896310	0.586264
137.986908	0.586250
137.935267	0.586227
138.248439	0.586189
138.117066	0.586150
138.615268	0.586114
138.496255	0.586075
138.980132	0.586051
139.124519	0.586025
139.097929	0.585962
139.410403	0.585939
139.373785	0.585901
139.567246	0.585887
139.633263	0.585850
139.804335	0.585838
140.205678	0.585789
140.388927	0.585751
140.560190	0.585714
140.807675	0.585676
141.148098	0.585613
141.421431	0.585588
141.474757	0.585538
141.788119	0.585489
141.825436	0.585475
142.219089	0.585388
142.490971	0.585339
142.781247	0.585276
142.791320	0.585276
143.328941	0.585213
143.549462	0.585187
143.681768	0.585100
143.578198	0.585063
144.647792	0.584962
144.946272	0.584939
145.026841	0.584876
145.470311	0.584815
145.729091	0.584789
146.110288	0.584700
146.057058	0.584688
146.266852	0.584613
146.643657	0.584576
146.775684	0.584538
146.930379	0.584475
146.867025	0.584489
147.140313	0.584426
147.336297	0.584389
147.546003	0.584363
147.571003	0.584314
147.935265	0.584276
147.961766	0.584239
148.133118	0.584213
148.263040	0.584164
148.210787	0.584089
149.006579	0.584077
149.124237	0.584014
149.373687	0.583939
149.582362	0.583864
150.210486	0.583789
150.430963	0.583738
150.704993	0.583625
150.954164	0.583564
151.423532	0.583527
151.423392	0.583489
151.605610	0.583452
151.764043	0.583363
152.309309	0.583302
152.389739	0.583265
152.781009	0.583227
152.664285	0.583201
153.133373	0.583152
153.302253	0.583101
153.355998	0.583040
154.969325	0.583115
150.795924	0.583138
151.068321	0.583127
151.095006	0.583127
151.043549	0.583115
151.029225	0.583127
151.055961	0.583115
151.043689	0.583127
151.043689	0.583115
151.043689	0.583101
151.017048	0.583127
151.070470	0.583101
151.082830	0.583115
151.121831	0.583063
151.095146	0.583077
151.107462	0.583089
151.095051	0.583063
151.056049	0.583077
151.080682	0.583040
150.914185	0.583040
150.848682	0.583026
152.205932	0.582939
152.793509	0.582876
153.302437	0.582839
153.043334	0.582801
153.812955	0.582714
154.583832	0.582677
155.026839	0.582588
155.298861	0.582576
155.809378	0.582527
156.175832	0.582452
156.318534	0.582401
156.619074	0.582352
157.022843	0.582302
157.076309	0.582277
157.401981	0.582214
157.663423	0.582176
158.030296	0.582139
158.746966	0.582064
158.759510	0.582001
159.150779	0.581977
159.478607	0.581914
159.779234	0.581864
159.909436	0.581790
160.041882	0.581726
160.601753	0.581652
160.782993	0.581640
161.370107	0.581565
161.618859	0.581502
161.934230	0.581439
161.854682	0.581364
162.335712	0.581326
162.898569	0.581239
163.617247	0.581176
163.825687	0.581078
164.400206	0.580989
164.568990	0.580951
164.752798	0.580890
165.224270	0.580813
165.484071	0.580764
165.863260	0.580715
166.110327	0.580664
166.542423	0.580577
166.789768	0.580565
166.671035	0.580476
167.325661	0.580401
167.665429	0.580352
168.147437	0.580303
168.448388	0.580265
168.709875	0.580202
169.179426	0.580139
169.178116	0.580090
169.803952	0.579989
170.040718	0.579926
170.080602	0.579891
170.875039	0.579827
170.666922	0.579802
170.667995	0.579689
171.359518	0.579664
171.699007	0.579603
171.763060	0.579551
172.102637	0.579502
169.515929	0.579626
169.896000	0.579626
171.868262	0.579476
172.286636	0.579415
172.900670	0.579352
173.526742	0.579240
174.008419	0.579190
174.282920	0.579116
174.845078	0.579041
174.989142	0.579003
175.196832	0.578940
175.091726	0.578928
175.534646	0.578940
172.313835	0.578989
172.794630	0.578989
172.780026	0.578966
172.833536	0.578952
173.330243	0.578928
174.217890	0.578889
174.319870	0.578839
173.932939	0.578776
174.323371	0.578753
174.594835	0.578715
174.661131	0.578690
174.883425	0.578664
175.105867	0.578603
175.040320	0.578615
175.094249	0.578589
175.575837	0.578528
175.575882	0.578502
175.861765	0.578477
175.940187	0.578439
176.292595	0.578390
176.488256	0.578364
177.050510	0.578327
177.090070	0.578289
177.297995	0.578240
177.522489	0.578214
177.796615	0.578191
177.809071	0.578153
178.017416	0.578128
178.200385	0.578078
178.787081	0.578041
178.775374	0.578003
178.930672	0.577966
179.543633	0.577928
179.624019	0.577865
179.895858	0.577840
180.274811	0.577790
180.198913	0.577777
180.719687	0.577753
180.692958	0.577715
181.008233	0.577678
181.607848	0.577652
181.632340	0.577589
182.207094	0.577552
182.101892	0.577528
182.351805	0.577453
182.430138	0.577439
182.769907	0.577390
182.808996	0.577327
182.899830	0.577303
183.357109	0.577252
183.997366	0.577203
183.892634	0.577153
184.220270	0.577090
184.479609	0.577078
184.778316	0.577004
184.922240	0.576978
184.819466	0.576990
185.196227	0.576952
185.091164	0.576940
184.961705	0.576877
186.399200	0.576816
186.713210	0.576727
187.351642	0.576641
187.652593	0.576578
188.459765	0.576528
188.579755	0.576503
189.296425	0.576428
189.623737	0.576341
189.624200	0.576315
190.105745	0.576240
190.355430	0.576191
190.888704	0.576128
191.138014	0.576079
191.492247	0.576002
191.621890	0.575952
191.673862	0.575941
191.806073	0.575866
192.155355	0.575803
192.236064	0.575765
192.456122	0.575728
192.326663	0.575702
192.507763	0.575641
192.783898	0.575603
192.745551	0.575552
193.200499	0.575515
193.852924	0.575477
194.009305	0.575402
194.049379	0.575390
194.518137	0.575341
194.454459	0.575278
194.572161	0.575252
194.780366	0.575229
195.261631	0.575203
195.212697	0.575177
195.342436	0.575154
195.538281	0.575128
195.655843	0.575079
196.007832	0.575041
196.230178	0.575016
196.308460	0.574966
196.399242	0.574941
196.594807	0.574892
196.871037	0.574878
196.895574	0.574828
196.883677	0.574803
197.076954	0.574777
197.223166	0.574765
197.182200	0.574716
197.509653	0.574679
197.952424	0.574641
198.096907	0.574604
198.409755	0.574578
198.619880	0.574566
198.774340	0.574515
198.761884	0.574503
198.776304	0.574503
198.669652	0.574466
198.918404	0.574440
199.114344	0.574416
199.180912	0.574365
199.584175	0.574328
199.884472	0.574304
199.833110	0.574304
200.171473	0.574253
200.473646	0.574229
200.564523	0.574166
200.902232	0.574128
201.019750	0.574117
201.320003	0.574079
199.751058	0.574103
198.746956	0.574128
198.539215	0.574154
198.553635	0.574166
198.580320	0.574140
198.617313	0.574154
198.604813	0.574140
198.643954	0.574140
198.604857	0.574117
198.565812	0.574154
198.592497	0.574103
198.580181	0.574128
198.565951	0.574103
198.565900	0.574117
198.592636	0.574103
198.565900	0.574079
198.617313	0.574091
198.631682	0.574091
198.617217	0.574065
198.631542	0.574065
198.631542	0.574053
198.592541	0.574053
198.578172	0.574079
198.617313	0.574042
198.604953	0.574028
198.592636	0.574016
198.605041	0.574004
198.617313	0.574016
198.619322	0.574004
198.644042	0.574016
198.668675	0.574004
198.670639	0.574004
198.526950	0.573990
198.031316	0.573953
199.741018	0.573904
200.197974	0.573878
200.799369	0.573815
200.914548	0.573791
201.007111	0.573815
201.137033	0.573791
201.151079	0.573779
201.163623	0.573779
201.163579	0.573754
201.241861	0.573740
201.164042	0.573754
201.542672	0.573716
201.660235	0.573702
201.973597	0.573691
202.404104	0.573667
202.834794	0.573616
203.162107	0.573590
203.318435	0.573578
203.501780	0.573541
203.526691	0.573541
203.736765	0.573515
204.010612	0.573478
204.086885	0.573478
204.272378	0.573454
204.453898	0.573417
204.583637	0.573403
204.793850	0.573365
205.107213	0.573342
205.461306	0.573316
205.850332	0.573278
205.928989	0.573241
206.229565	0.573229
206.567325	0.573204
206.936162	0.573178
207.210568	0.573129
207.406133	0.573091
207.731761	0.573065
207.810557	0.573016
207.928303	0.572979
208.201783	0.572941
208.671283	0.572853
209.035544	0.572829
209.035449	0.572803
209.507803	0.572766
209.950530	0.572716
210.041547	0.572628
210.551829	0.572642
210.825956	0.572567
211.100361	0.572529
211.191055	0.572492
211.699608	0.572454
211.975420	0.572417
211.988059	0.572379
212.406110	0.572365
212.562394	0.572291
212.614549	0.572253
213.682417	0.572267
211.021242	0.572279
211.099619	0.572279
210.996940	0.572253
212.210824	0.572154
212.626770	0.572129
213.242255	0.572080
213.397089	0.572028
213.998109	0.572016
213.868466	0.571991
213.918282	0.571941
214.062390	0.571904
214.260015	0.571904
214.651469	0.571855
214.610179	0.571841
214.690191	0.571817
214.938007	0.571780
215.042930	0.571742
215.121351	0.571728
215.524981	0.571691
215.850609	0.571616
216.244027	0.571592
216.361266	0.571567
216.804037	0.571541
217.081061	0.571478
217.405991	0.571441
217.914823	0.571391
218.059026	0.571379
218.125551	0.571342
218.697502	0.571305
218.866662	0.571267
219.257931	0.571230
219.428960	0.571178
219.558699	0.571141
219.925108	0.571103
220.042855	0.571066
220.199323	0.571028
220.512127	0.571028
220.813078	0.571005
220.734987	0.570979
220.957421	0.570954
221.334366	0.570904
221.322146	0.570879
221.608728	0.570855
221.806302	0.570829
221.806397	0.570792
222.351987	0.570766
222.562296	0.570717
222.691895	0.570717
222.692174	0.570691
222.877667	0.570630
223.320673	0.570642
223.489318	0.570604
223.660346	0.570541
223.765269	0.570541
223.855912	0.570504
224.298543	0.570492
224.259402	0.570441
224.508668	0.570417
224.651003	0.570417
224.809715	0.570403
225.122703	0.570354
225.304362	0.570317
225.395004	0.570291
225.565613	0.570242
225.851821	0.570267
225.800790	0.570216
226.323572	0.570192
226.336212	0.570192
226.544137	0.570141
226.778983	0.570104
226.923098	0.570092
227.028109	0.570080
227.040565	0.570042
227.497757	0.570017
227.654644	0.569991
227.808361	0.569979
228.382331	0.569968
227.275506	0.569991
227.522293	0.569968
227.534933	0.569942
227.756904	0.569904
227.835980	0.569867
227.995067	0.569855
228.307496	0.569818
228.268495	0.569804
228.594401	0.569755
228.789871	0.569743
229.247114	0.569691
229.103234	0.569680
229.365095	0.569642
229.729070	0.569630
230.083399	0.569591
229.964430	0.569567
230.212763	0.569516
230.631372	0.569492
230.539045	0.569478
230.749214	0.569429
231.037386	0.569392
231.128167	0.569354
231.336049	0.569342
231.531570	0.569317
231.702502	0.569279
231.623145	0.569254
232.419216	0.569230
232.524742	0.569179
232.888812	0.569167
234.188869	0.569204
230.317869	0.569216
230.447653	0.569230
230.460064	0.569216
230.408703	0.569216
230.499249	0.569204
230.525846	0.569204
230.474433	0.569179
230.513530	0.569167
230.513530	0.569167
230.511426	0.569141
230.525751	0.569155
230.447792	0.569141
230.486845	0.569129
230.486985	0.569129
230.501214	0.569118
230.486845	0.569092
230.486933	0.569080
230.462213	0.569092
230.525935	0.569092
230.564936	0.569092
230.577348	0.569080
230.511286	0.569066
230.525795	0.569080
230.787517	0.569043
230.760971	0.569054
230.826981	0.569054
231.217972	0.569005
231.179110	0.568991
231.386991	0.568991
231.440553	0.568980
231.504693	0.568968
231.714723	0.568954
231.949245	0.568954
231.947281	0.568954
232.001026	0.568942
232.235688	0.568916
232.290131	0.568893
232.680982	0.568867
232.798868	0.568842
233.177594	0.568830
233.424704	0.568804
233.647006	0.568767
233.816025	0.568792
234.050680	0.568767
233.868644	0.568743
234.481841	0.568692
234.767769	0.568692
235.107861	0.568654
235.762721	0.568617
236.856659	0.568567
236.597740	0.568516
237.054747	0.568504
236.899022	0.568441
237.654222	0.568429
237.773749	0.568392
238.124428	0.568329
238.946248	0.568279
239.024670	0.568216
239.430360	0.568216
239.586689	0.568179
239.862919	0.568104
240.149082	0.568104
240.343337	0.568067
240.761013	0.568029
241.076105	0.567992
241.127606	0.567954
241.296530	0.567928
241.609614	0.567879
241.714625	0.567879
242.262929	0.567818
242.433861	0.567792
242.825087	0.567755
243.216401	0.567704
243.019482	0.567680
243.280873	0.567643
243.857635	0.567605
244.144313	0.567554
244.889022	0.567505
244.548825	0.567467
245.567198	0.567418
245.763093	0.567380
245.907106	0.567329
245.996254	0.567280
246.297440	0.567230
246.807583	0.567217
247.054928	0.567179
247.369881	0.567142
247.798327	0.567081
248.045349	0.567055
248.189693	0.567017
248.661393	0.566980
248.776667	0.566931
249.118584	0.566879
249.392946	0.566868
250.371094	0.566818
250.305783	0.566767
250.738063	0.566730
251.022541	0.566666
251.415871	0.566643
250.160742	0.566643
250.057923	0.566655
250.031047	0.566643
250.043363	0.566617
250.082504	0.566617
250.069960	0.566593
249.967325	0.566580
250.043458	0.566556
250.096924	0.566517
249.952904	0.566505
250.016678	0.566493
250.045746	0.566481
250.123749	0.566455
250.121601	0.566442
250.097020	0.566430
250.082599	0.566404
250.226384	0.566418
250.030958	0.566392
249.743529	0.566392
250.305548	0.566343
250.946084	0.566317
251.193106	0.566306
251.337309	0.566268
251.337258	0.566254
251.481417	0.566242
251.597155	0.566205
252.053788	0.566168
252.105149	0.566168
252.092929	0.566156
252.183711	0.566130
252.329923	0.566104
252.459801	0.566093
252.381843	0.566067
252.604049	0.566043
252.956134	0.566043
252.941993	0.566006
253.176794	0.566006
253.335367	0.565968
253.555844	0.565917
253.751453	0.565943
253.988123	0.565893
253.998754	0.565880
254.105825	0.565868
254.169783	0.565868
254.338663	0.565842
254.352987	0.565830
254.390443	0.565793
254.443813	0.565793
254.732081	0.565767
254.835135	0.565744
255.123351	0.565730
255.253090	0.565718
255.317047	0.565692
255.502539	0.565692
255.488354	0.565667
255.593182	0.565629
255.671699	0.565643
255.725444	0.565617
256.192472	0.565568
256.168215	0.565580
256.297998	0.565542
256.545020	0.565505
256.663989	0.565505
257.160600	0.565467
257.146276	0.565456
257.185416	0.565418
257.459447	0.565404
257.486368	0.565393
257.395725	0.565381
257.642792	0.565343
257.786995	0.565355
257.916595	0.565329
257.982840	0.565292
257.748273	0.565292
258.386609	0.565243
258.530489	0.565231
258.425750	0.565217
258.570468	0.565193
258.973400	0.565180
259.768675	0.565130
259.471173	0.565081
259.692821	0.565067
259.901165	0.565043
260.436499	0.565006
260.397549	0.564992
260.698265	0.564955
261.062614	0.564943
261.375933	0.564905
261.637140	0.564868
261.505995	0.564868
262.447343	0.564805
262.420797	0.564793
262.655128	0.564781
262.527161	0.564730
263.814527	0.564718
262.983514	0.564692
263.792460	0.564669
263.829034	0.564643
263.805614	0.564631
264.874038	0.564594
264.704974	0.564543
265.213850	0.564543
265.201534	0.564493
265.253226	0.564456
265.646784	0.564456
266.126548	0.564407
266.625168	0.564367
266.820550	0.564367
266.779863	0.564318
267.040931	0.564280
267.329426	0.564268
267.329426	0.564243
266.286473	0.564280
265.501978	0.564243
265.827422	0.564280
265.827422	0.564255
265.722359	0.564231
265.815106	0.564217
265.893108	0.564231
265.841791	0.564231
265.932109	0.564217
265.905424	0.564231
265.542096	0.564205
266.258296	0.564168
267.028615	0.564168
266.989238	0.564119
266.781548	0.564130
267.055300	0.564081
267.356486	0.564067
267.590869	0.564056
266.727054	0.564056
267.615869	0.564030
267.654870	0.564006
268.086119	0.563992
268.359502	0.563955
268.843379	0.563931
268.855695	0.563917
268.946756	0.563917
269.183567	0.563880
269.562381	0.563843
270.254697	0.563819
270.228012	0.563805
270.319073	0.563793
271.022956	0.563756
271.363144	0.563706
271.468206	0.563681
271.700904	0.563669
271.859711	0.563618
272.458906	0.563618
272.591029	0.563568
272.618089	0.563568
273.060904	0.563543
273.230343	0.563505
273.816854	0.563493
273.948602	0.563480
274.405793	0.563419
274.875301	0.563407
274.796924	0.563367
274.900301	0.563332
274.692611	0.563318
274.810357	0.563255
275.398921	0.563243
275.839684	0.563194
275.695995	0.563168
276.048124	0.563142
276.585370	0.563105
276.532375	0.563030
276.572119	0.562969
276.690808	0.562880
277.238685	0.562868
277.290003	0.562831
277.368755	0.562768
277.551813	0.562756
277.772194	0.562744
277.877632	0.562707
278.412826	0.562707
278.361508	0.562669
278.464511	0.562655
278.635260	0.562632
278.950447	0.562618
278.884386	0.562592
278.741072	0.562580
279.247146	0.562543
279.889830	0.562494
279.679705	0.562506
279.731397	0.562456
280.044525	0.562456
280.266959	0.562431
280.582147	0.562393
280.736467	0.562367
280.919907	0.562344
281.286404	0.562344
281.350406	0.562281
281.729227	0.562269
281.780912	0.562255
281.807972	0.562231
282.186786	0.562194
282.211418	0.562180
282.409227	0.562156
282.446543	0.562143
282.695670	0.562131
282.903735	0.562105
282.994421	0.562068
283.414296	0.562044
283.480358	0.562030
283.985496	0.562007
284.314678	0.561969
285.019685	0.561918
284.667182	0.561918
284.679498	0.561894
282.160476	0.561918
283.099109	0.561932
282.852417	0.561918
282.918104	0.561894
283.123741	0.561894
283.020739	0.561880
283.123741	0.561843
282.891044	0.561857
283.084740	0.561819
282.891044	0.561831
283.084740	0.561819
282.189395	0.561819
283.595676	0.561782
284.222306	0.561719
284.535434	0.561719
284.821502	0.561669
285.202376	0.561669
285.045996	0.561656
285.356696	0.561656
285.383756	0.561632
285.488818	0.561618
285.528187	0.561618
285.579505	0.561593
285.684567	0.561581
285.462501	0.561581
285.946010	0.561557
285.972695	0.561569
285.960379	0.561531
286.076072	0.561518
286.271821	0.561494
286.481571	0.561506
286.376884	0.561480
286.520947	0.561480
286.795074	0.561431
286.964137	0.561445
287.120518	0.561419
287.262521	0.561419
287.472646	0.561382
287.722140	0.561344
287.917522	0.561330
288.008583	0.561330
288.255649	0.561307
288.688216	0.561293
289.091655	0.561269
289.184776	0.561243
289.339471	0.561232
289.510220	0.561206
289.574596	0.561157
290.373285	0.561143
290.318230	0.561068
290.357231	0.561030
290.594041	0.561030
290.816475	0.561007
291.129603	0.560981
291.220296	0.560969
291.455046	0.560918
291.428361	0.560932
291.899922	0.560894
291.809978	0.560881
292.421864	0.560831
292.734617	0.560806
292.890997	0.560768
292.905741	0.560756
293.362557	0.560707
293.335872	0.560681
293.818063	0.560681
294.040505	0.560656
294.170192	0.560618
294.093875	0.560618
294.444319	0.560595
294.549381	0.560569
294.484070	0.560581
294.979888	0.560518
295.058265	0.560532
295.307384	0.560506
295.253639	0.560494
295.346385	0.560468
295.698514	0.560431
295.803577	0.560443
296.154021	0.560431
296.088334	0.560405
296.403522	0.560370
296.782336	0.560344
296.831968	0.560344
296.937031	0.560319
297.459908	0.560307
297.355221	0.560269
297.643341	0.560244
297.839097	0.560244
298.465352	0.560181
298.425976	0.560157
298.492412	0.560131
298.910603	0.560119
298.963973	0.560094
299.079292	0.560068
299.392419	0.560056
299.326733	0.560045
299.652176	0.560007
300.719581	0.560007
298.335290	0.559993
298.322974	0.560019
298.374291	0.560007
298.335290	0.560019
298.399291	0.559993
298.166594	0.559981
298.178910	0.559970
298.322974	0.559981
298.438293	0.559970
298.386975	0.559932
298.386975	0.559944
298.349659	0.559956
298.413660	0.559932
298.349659	0.559932
298.230227	0.559918
298.491663	0.559906
298.349659	0.559932
298.257287	0.559881
298.296289	0.559895
298.271656	0.559895
298.492038	0.559869
298.271656	0.559895
298.349659	0.559869
298.516295	0.559869
298.374291	0.559857
298.477294	0.559820
298.205595	0.559857
298.310658	0.559843
298.271656	0.559832
298.271656	0.559832
299.197045	0.559794
299.340734	0.559768
299.588543	0.559745
299.681289	0.559719
300.409804	0.559719
300.541552	0.559693
300.475866	0.559670
300.632246	0.559656
300.698307	0.559619
300.698307	0.559619
300.816053	0.559595
301.168182	0.559544
301.285561	0.559569
301.114437	0.559532
301.324562	0.559532
301.430000	0.559506
301.884756	0.559520
301.637690	0.559506
301.769437	0.559469
301.887184	0.559469
301.951192	0.559457
302.251629	0.559431
302.408376	0.559419
302.604133	0.559394
302.657878	0.559382
303.127753	0.559370
303.596886	0.559344
303.844327	0.559307
304.328203	0.559270
304.394639	0.559244
305.098897	0.559218
305.659091	0.559181
305.881907	0.559157
306.170028	0.559131
306.574216	0.559106
306.272095	0.559082
306.965721	0.559031
307.109785	0.559045
307.538232	0.559019
307.984792	0.559007
308.061110	0.558956
308.374237	0.558956
308.452615	0.558919
308.885174	0.558895
309.117871	0.558869
309.445742	0.558844
309.771186	0.558832
309.902934	0.558820
310.096630	0.558806
310.294439	0.558806
310.555874	0.558769
310.869002	0.558769
310.920694	0.558708
311.260507	0.558682
311.639321	0.558682
311.429945	0.558644
311.872393	0.558607
311.886762	0.558607
312.135888	0.558569
312.371013	0.558544
312.343953	0.558520
309.734794	0.558556
310.685569	0.558556
310.724570	0.558532
310.986006	0.558544
310.763572	0.558532
310.751255	0.558532
310.908003	0.558520
311.690638	0.558483
311.717698	0.558457
311.613011	0.558431
311.820701	0.558443
311.925763	0.558431
312.331637	0.558408
312.265951	0.558382
312.316893	0.558356
312.370639	0.558345
312.488017	0.558331
312.525333	0.558307
312.760084	0.558295
312.955465	0.558270
312.499391	0.558282
312.799460	0.558256
313.491401	0.558232
313.689585	0.558218
313.740903	0.558218
313.804904	0.558181
314.132033	0.558169
314.274037	0.558144
314.159460	0.558132
314.734030	0.558082
314.980722	0.558094
315.176478	0.558031
315.033531	0.558031
315.541666	0.558007
315.920480	0.557994
315.945112	0.557956
316.338670	0.557944
316.863608	0.557907
316.940300	0.557881
317.082304	0.557869
317.108989	0.557858
317.071673	0.557858
317.135674	0.557844
317.437235	0.557794
317.918684	0.557806
317.828365	0.557745
318.011430	0.557694
318.087748	0.557694
318.298248	0.557670
318.819065	0.557656
318.872811	0.557607
318.846125	0.557570
319.132193	0.557520
319.473691	0.557520
319.264316	0.557507
319.601701	0.557483
319.409122	0.557445
319.719822	0.557445
320.115065	0.557394
320.413449	0.557394
320.203698	0.557382
320.621888	0.557319
320.868580	0.557319
320.959274	0.557282
321.665584	0.557256
321.338462	0.557232
321.443525	0.557244
321.482526	0.557232
321.665959	0.557221
321.627333	0.557221
322.018463	0.557169
322.201528	0.557158
322.240897	0.557144
322.451022	0.557120
322.683719	0.557120
322.881153	0.557083
323.322484	0.557083
319.447381	0.557094
320.699516	0.557106
320.660515	0.557106
320.660515	0.557106
320.751209	0.557069
320.528767	0.557083
321.690591	0.557057
321.837083	0.557019
321.888400	0.557008
322.448594	0.556994
322.421909	0.556994
322.501964	0.556945
322.695661	0.556970
322.553657	0.556945
322.905786	0.556919
322.986216	0.556919
323.074849	0.556895
322.918844	0.556858
323.480723	0.556783
323.322291	0.556795
323.717534	0.556745
323.532041	0.556732
323.664163	0.556732
323.664531	0.556732
324.002291	0.556720
324.016660	0.556708
324.525169	0.556682
324.486167	0.556670
324.681924	0.556657
324.735294	0.556633
324.941674	0.556645
325.359489	0.556607
325.596299	0.556596
325.934059	0.556570
326.484739	0.556532
326.208186	0.556532
326.976819	0.556532
327.477125	0.556495
327.500072	0.556457
327.761882	0.556432
327.696196	0.556408
328.416508	0.556383
328.637264	0.556357
329.016078	0.556308
329.432958	0.556294
329.890149	0.556282
330.268963	0.556233
330.713838	0.556219
331.183346	0.556207
331.445531	0.556158
331.677853	0.556158
332.123096	0.556106
332.267910	0.556120
332.971793	0.556083
333.155608	0.556045
333.507362	0.556020
333.742112	0.555982
334.224678	0.555957
334.930996	0.555907
335.060683	0.555870
334.983056	0.555858
335.281439	0.555821
335.583936	0.555795
336.105129	0.555732
336.092813	0.555746
336.575011	0.555694
336.667383	0.555694
337.254637	0.555682
336.732501	0.555657
337.071946	0.555594
337.658083	0.555582
338.299082	0.555558
338.560525	0.555533
338.624526	0.555481
339.226149	0.555458
339.250781	0.555446
339.409589	0.555395
339.996468	0.555357
339.760407	0.555308
340.674415	0.555282
340.491350	0.555257
341.170983	0.555207
341.249353	0.555170
341.614173	0.555120
341.498286	0.555083
341.954728	0.555008
342.020047	0.554957
342.228112	0.554933
342.501863	0.554919
342.907370	0.554882
343.389561	0.554844
343.167495	0.554807
343.650996	0.554833
343.690373	0.554783
343.546309	0.554758
343.598001	0.554758
344.016191	0.554732
344.512384	0.554695
344.368320	0.554671
344.683133	0.554657
344.734818	0.554645
345.113632	0.554620
345.241642	0.554596
346.275456	0.554570
345.622890	0.554533
345.857641	0.554519
346.236455	0.554495
346.144451	0.554495
346.562273	0.554470
346.797023	0.554458
346.850394	0.554432
346.967772	0.554395
347.293591	0.554383
347.476649	0.554357
347.620713	0.554332
347.672405	0.554308
348.063535	0.554308
348.154596	0.554282
348.521094	0.554259
348.599472	0.554233
348.912599	0.554207
348.912599	0.554207
348.337662	0.554207
348.560095	0.554207
348.858854	0.554196
348.807537	0.554170
349.107981	0.554133
349.146982	0.554146
349.434167	0.554095
349.852732	0.554058
350.204861	0.554032
350.871802	0.554020
351.327309	0.554008
351.613376	0.553945
351.926504	0.553945
351.577920	0.553933
351.354736	0.553896
349.814666	0.553908
349.944361	0.553882
349.956677	0.553896
349.814666	0.553882
349.800297	0.553882
349.905360	0.553882
349.932045	0.553858
350.022731	0.553858
350.008362	0.553833
349.956677	0.553833
350.059680	0.553821
349.971046	0.553821
349.865983	0.553807
349.995678	0.553807
350.059680	0.553783
349.878300	0.553795
349.956677	0.553770
349.932045	0.553732
350.035047	0.553758
349.956677	0.553746
349.839298	0.553720
349.971046	0.553720
349.878300	0.553709
349.995678	0.553709
349.878300	0.553709
349.644292	0.553683
350.650111	0.553657
351.848501	0.553620
352.308120	0.553596
352.985318	0.553559
353.376823	0.553545
353.691636	0.553533
354.068765	0.553507
354.291206	0.553484
354.734396	0.553446
355.335651	0.553421
355.687780	0.553395
355.558085	0.553383
355.624147	0.553358
355.832212	0.553320
355.898648	0.553334
356.810971	0.553283
357.253793	0.553271
357.422857	0.553233
357.867732	0.553196
358.259237	0.553170
358.638051	0.553133
358.977864	0.553121
358.951179	0.553121
358.846491	0.553083
359.056241	0.553070
359.318051	0.553032
359.499057	0.553032
359.721498	0.553008
360.035000	0.552983
360.347753	0.552957
360.387129	0.552934
360.949376	0.552920
361.172192	0.552882
361.732386	0.552859
361.615007	0.552807
362.189952	0.552795
362.358641	0.552784
362.620451	0.552758
362.881894	0.552732
363.038641	0.552721
363.271339	0.552671
363.676838	0.552671
363.847962	0.552646
363.781901	0.552634
364.121713	0.552620
364.068343	0.552583
364.161089	0.552571
364.434841	0.552545
364.667913	0.552508
365.100472	0.552533
364.763462	0.552508
365.178850	0.552496
365.374598	0.552446
366.015230	0.552446
366.352983	0.552395
366.602109	0.552395
367.162303	0.552372
367.150736	0.552320
367.906312	0.552308
367.947741	0.552297
368.168122	0.552283
368.625688	0.552222
369.043878	0.552184
369.422692	0.552196
369.527380	0.552184
370.546825	0.552133
370.689204	0.552121
370.532824	0.552095
370.795009	0.552072
371.982776	0.552032
371.903088	0.551995
372.464967	0.552009
369.735445	0.552009
369.945570	0.552009
369.867193	0.551995
369.828191	0.551983
369.853199	0.551946
370.298074	0.551971
370.297699	0.551946
370.376076	0.551908
370.518455	0.551908
370.532457	0.551908
370.337450	0.551896
370.336700	0.551882
370.231263	0.551896
370.285758	0.551859
371.053649	0.551871
370.831208	0.551859
370.779523	0.551859
370.843524	0.551808
371.082762	0.551808
371.093768	0.551796
371.159454	0.551733
371.775453	0.551709
372.007776	0.551671
372.111153	0.551671
372.438650	0.551634
372.751777	0.551597
373.247970	0.551559
373.822915	0.551559
373.849600	0.551533
374.240730	0.551508
374.658920	0.551458
375.178428	0.551470
375.258858	0.551421
375.532617	0.551409
375.909746	0.551409
375.963491	0.551372
376.420682	0.551346
376.838872	0.551320
376.941875	0.551297
377.751195	0.551283
377.634191	0.551259
378.040065	0.551222
378.130759	0.551208
378.470572	0.551184
378.573574	0.551171
379.059511	0.551133
379.265890	0.551133
379.073686	0.551096
380.439656	0.551058
380.415024	0.551046
380.637465	0.551021
380.833214	0.550983
381.107340	0.550946
381.251404	0.550946
381.263720	0.550934
381.564531	0.550908
381.550163	0.550871
381.669594	0.550859
381.904719	0.550833
382.411168	0.550833
382.345481	0.550808
382.582292	0.550770
382.738672	0.550758
382.856418	0.550758
383.247548	0.550747
383.313984	0.550721
383.614421	0.550695
384.059671	0.550684
384.138048	0.550658
384.449116	0.550634
384.617437	0.550609
384.776245	0.550571
385.167750	0.550559
385.167750	0.550545
385.402500	0.550545
385.402500	0.550496
385.480878	0.550496
385.559248	0.550484
385.638742	0.550471
386.420260	0.550447
387.009199	0.550433
387.320642	0.550372
387.606709	0.550358
387.777833	0.550321
386.117582	0.550372
385.883949	0.550358
385.857632	0.550334
385.661883	0.550346
385.754629	0.550334
385.857632	0.550297
385.742313	0.550297
385.688943	0.550297
387.425330	0.550260
387.583762	0.550246
387.530392	0.550234
387.569393	0.550208
387.413013	0.550196
387.569393	0.550196
387.503707	0.550171
387.398644	0.550185
387.528707	0.550147
388.117646	0.550147
388.222709	0.550121
388.795219	0.550096
388.667584	0.550108
388.848964	0.550047
389.161717	0.550047
389.005344	0.550021
389.619658	0.549995
389.761661	0.549983
389.776030	0.549983
390.206537	0.549972
390.507348	0.549946
390.492979	0.549934
390.637043	0.549920
390.847536	0.549897
391.092174	0.549883
391.772175	0.549845
392.086988	0.549834
391.889553	0.549796
392.178798	0.549796
392.581870	0.549784
393.053055	0.549759
393.641059	0.549721
393.850809	0.549696
394.188569	0.549672
394.423319	0.549684
394.581752	0.549634
394.868195	0.549634
395.142321	0.549609
395.311385	0.549597
395.467765	0.549559
395.834637	0.549546
395.781267	0.549559
396.199082	0.549522
396.512210	0.549522
396.629589	0.549471
396.852023	0.549459
397.126149	0.549447
396.838396	0.549410
397.373590	0.549384
397.490969	0.549372
397.505713	0.549347
397.674402	0.549309
397.884527	0.549309
398.209971	0.549272
398.483722	0.549234
399.123979	0.549222
398.967973	0.549222
398.992606	0.549183
399.215040	0.549147
399.737918	0.549147
399.254791	0.549122
399.841670	0.549096
399.895415	0.549072
400.428549	0.549059
400.873432	0.549033
400.861858	0.549009
401.108182	0.548995
401.264554	0.548984
401.355623	0.548958
401.147925	0.548934
401.722121	0.548909
402.020879	0.548909
402.086941	0.548883
402.334007	0.548859
402.153369	0.548834
402.766566	0.548834
402.921261	0.548808
403.040317	0.548796
403.236074	0.548784
403.744583	0.548771
403.641948	0.548747
403.784326	0.548733
404.136455	0.548696
403.196698	0.548721
402.492440	0.548710
402.583133	0.548696
402.453438	0.548710
402.597502	0.548710
402.531441	0.548696
402.531441	0.548710
402.504756	0.548696
402.609818	0.548696
402.519125	0.548696
402.712821	0.548684
402.583133	0.548672
402.465755	0.548646
402.597502	0.548646
402.673820	0.548635
402.648820	0.548635
402.519125	0.548621
402.739506	0.548609
402.675505	0.548597
402.558126	0.548583
402.465380	0.548583
402.453438	0.548572
403.145380	0.548560
403.092010	0.548546
403.576261	0.548522
403.835644	0.548508
403.757266	0.548508
403.889014	0.548485
404.097079	0.548485
403.940331	0.548497
404.123764	0.548485
404.020762	0.548471
404.251774	0.548447
404.148771	0.548459
404.422898	0.548422
404.880089	0.548433
404.762710	0.548410
404.997461	0.548396
405.273272	0.548372
405.390651	0.548384
405.298279	0.548359
405.559714	0.548372
405.677093	0.548347
405.807531	0.548335
406.027537	0.548335
405.910533	0.548321
406.369410	0.548309
406.408411	0.548309
406.526157	0.548297
406.851601	0.548260
407.034666	0.548272
407.230415	0.548234
407.308792	0.548234
407.479541	0.548234
407.282107	0.548234
407.490172	0.548209
407.607919	0.548209
407.922731	0.548171
407.805360	0.548159
407.752357	0.548148
408.509985	0.548148
408.615048	0.548110
408.967552	0.548084
409.006553	0.548059
409.554431	0.548035
409.554431	0.548047
409.828557	0.548035
409.933620	0.548021
409.960680	0.548021
410.088314	0.547972
410.611192	0.547972
410.809001	0.547946
411.068384	0.547935
411.226817	0.547935
411.122129	0.547897
411.772642	0.547883
411.826387	0.547883
411.631380	0.547871
412.670789	0.547883
410.050624	0.547883
410.258689	0.547860
410.376067	0.547871
410.246372	0.547860
410.310381	0.547871
410.715880	0.547860
410.689195	0.547846
411.134070	0.547846
410.794257	0.547834
410.977690	0.547834
410.990006	0.547822
411.029382	0.547822
410.963321	0.547822
411.095069	0.547797
411.408196	0.547797
411.434882	0.547797
411.408196	0.547808
411.603578	0.547771
411.381511	0.547759
411.500943	0.547759
411.682323	0.547733
412.008141	0.547722
412.739084	0.547733
412.805146	0.547696
412.948835	0.547684
413.470402	0.547672
413.797899	0.547672
413.744528	0.547647
414.125402	0.547621
414.098717	0.547635
414.319466	0.547572
414.580909	0.547572
414.933038	0.547572
414.869779	0.547546
415.155846	0.547534
415.899480	0.547534
416.016484	0.547522
416.070229	0.547509
416.513044	0.547447
416.224924	0.547447
416.564737	0.547422
416.878239	0.547434
417.022303	0.547410
417.399057	0.547384
417.347740	0.547373
417.543121	0.547373
417.648183	0.547373
417.806616	0.547359
417.635867	0.547347
417.895250	0.547309
417.817247	0.547321
417.739619	0.547321
418.052372	0.547298
418.289182	0.547298
418.274439	0.547284
418.626942	0.547272
418.797691	0.547246
419.318884	0.547235
419.438315	0.547223
419.516693	0.547223
419.489633	0.547185
419.580694	0.547197
419.605326	0.547171
419.673815	0.547160
419.776450	0.547148
420.011200	0.547160
420.050202	0.547148
420.233642	0.547134
419.772724	0.547134
418.484189	0.547122
418.550250	0.547122
418.327809	0.547134
418.418502	0.547110
418.498933	0.547134
418.498933	0.547122
418.472248	0.547110
418.523565	0.547110
418.876436	0.547096
419.490008	0.547071
419.582379	0.547071
419.358260	0.547059
419.776075	0.547059
419.593385	0.547035
419.932823	0.547022
419.842137	0.547022
419.959508	0.547010
420.089578	0.547010
420.011575	0.546998
420.339072	0.546972
420.911207	0.546947
420.664516	0.546958
421.069647	0.546972
420.834890	0.546958
420.884522	0.546947
421.133648	0.546935
421.422144	0.546897
421.539522	0.546909
421.642900	0.546909
421.945771	0.546897
422.178469	0.546883
422.205154	0.546872
422.270840	0.546846
422.648344	0.546846
423.041159	0.546822
423.146597	0.546809
423.523725	0.546809
423.797477	0.546785
423.731790	0.546785
423.915230	0.546785
424.138039	0.546759
424.386791	0.546747
424.778296	0.546747
424.881298	0.546710
425.233427	0.546684
425.350806	0.546684
425.665994	0.546672
425.095343	0.546635
426.135869	0.546635
426.383310	0.546598
426.566375	0.546584
426.932873	0.546572
427.231632	0.546560
427.361319	0.546560
427.231999	0.546534
427.322693	0.546509
428.014259	0.546509
427.818885	0.546497
428.276077	0.546460
428.278505	0.546448
428.498886	0.546448
428.680266	0.546422
428.876015	0.546385
429.922145	0.546396
429.907776	0.546385
430.301334	0.546335
430.614087	0.546321
430.952222	0.546347
431.199288	0.546298
431.292409	0.546298
431.358095	0.546284
431.801286	0.546260
431.087321	0.546223
431.696598	0.546134
431.750343	0.546110
431.945724	0.546047
432.087728	0.546059
432.180100	0.546022
432.295793	0.545996
432.610606	0.545984
432.781730	0.545935
432.730412	0.545923
432.872416	0.545909
432.872416	0.545872
433.066112	0.545898
433.317666	0.545884
433.733429	0.545860
433.799115	0.545846
434.188560	0.545809
434.256681	0.545797
434.347368	0.545797
434.714240	0.545759
435.000683	0.545759
435.247749	0.545748
435.142687	0.545734
434.608985	0.545710
433.929178	0.545722
434.227561	0.545722
434.241930	0.545722
434.202929	0.545696
434.413054	0.545710
434.271050	0.545685
434.322368	0.545685
434.295683	0.545673
434.271050	0.545659
434.163928	0.545635
434.007922	0.545598
434.110557	0.545584
434.308366	0.545572
434.425370	0.545572
434.437686	0.545546
434.594434	0.545535
434.700239	0.545523
435.027368	0.545485
435.233005	0.545472
435.430814	0.545448
435.365128	0.545460
435.392188	0.545434
435.770627	0.545410
435.573193	0.545422
436.003324	0.545397
436.162132	0.545373
436.879074	0.545359
436.903706	0.545335
436.984511	0.545335
437.324699	0.545335
437.925579	0.545298
438.160704	0.545272
438.408145	0.545235
438.474206	0.545197
439.269151	0.545148
439.205149	0.545134
439.518652	0.545097
439.780462	0.545048
440.090787	0.545048
440.235226	0.545022
440.457660	0.544998
440.614415	0.545010
441.044546	0.544984
441.306356	0.544973
441.670801	0.544935
441.983929	0.544935
442.008929	0.544898
442.428804	0.544872
442.505122	0.544860
442.702930	0.544860
442.701245	0.544846
442.977057	0.544797
443.304928	0.544785
443.473250	0.544785
443.784692	0.544785
443.994817	0.544773
444.268568	0.544734
444.385947	0.544734
444.594012	0.544722
444.608381	0.544697
444.763076	0.544697
445.144325	0.544685
445.430393	0.544673
445.653201	0.544659
445.626516	0.544635
445.929013	0.544610
445.993014	0.544598
446.411204	0.544572
446.384144	0.544572
446.567584	0.544547
446.685331	0.544523
447.088777	0.544523
447.257841	0.544497
447.167154	0.544509
447.352647	0.544486
447.663715	0.544460
447.610344	0.544460
448.067536	0.544434
447.884471	0.544422
448.563729	0.544397
448.578098	0.544411
448.732792	0.544397
449.006919	0.544373
449.348791	0.544336
449.334790	0.544336
449.699235	0.544322
450.028792	0.544298
450.222113	0.544284
450.261489	0.544284
450.366552	0.544247
450.848368	0.544247
450.941115	0.544209
450.418237	0.544235
448.069963	0.544247
448.302286	0.544223
448.434034	0.544223
448.458666	0.544235
448.578098	0.544223
448.590414	0.544223
448.497667	0.544235
448.485351	0.544209
448.617099	0.544186
448.485351	0.544198
448.200026	0.544186
449.373791	0.544135
449.661919	0.544135
449.777238	0.544123
449.764922	0.544123
449.921302	0.544097
450.222113	0.544085
450.024304	0.544073
450.261114	0.544060
450.508556	0.544036
450.730989	0.544036
450.965747	0.544010
451.019492	0.543997
451.073237	0.543973
451.112238	0.543959
451.122869	0.543935
452.076254	0.543924
452.377065	0.543898
452.323320	0.543860
452.768570	0.543823
453.211385	0.543860
453.524513	0.543835
453.942703	0.543809
454.202086	0.543797
454.229145	0.543748
454.321892	0.543748
454.688764	0.543722
454.960463	0.543697
455.290020	0.543685
455.381081	0.543659
455.745151	0.543647
456.175657	0.543636
456.332038	0.543636
456.449784	0.543584
456.880290	0.543610
457.207787	0.543573
457.154416	0.543535
457.599292	0.543547
458.132801	0.543535
458.068799	0.543523
458.420928	0.543498
458.616677	0.543472
458.602676	0.543460
459.191615	0.543435
459.465741	0.543397
459.752184	0.543397
459.988994	0.543385
460.092371	0.543373
460.314438	0.543336
460.588564	0.543322
461.161074	0.543298
461.241504	0.543285
461.397884	0.543285
461.488571	0.543247
462.050825	0.543235
461.972822	0.543224
462.063516	0.543224
462.076199	0.543198
462.626137	0.543172
462.441212	0.543186
462.807142	0.543160
463.200707	0.543135
463.655839	0.543135
463.746157	0.543123
463.941906	0.543085
464.046969	0.543085
464.140090	0.543074
464.348155	0.543048
464.270153	0.543048
464.570964	0.543048
464.989154	0.543011
465.118474	0.543022
465.380284	0.543011
465.771414	0.542973
466.135860	0.542973
465.837851	0.542947
466.488363	0.542910
466.671796	0.542884
465.796047	0.542910
465.419286	0.542884
465.353599	0.542884
465.522288	0.542872
465.326539	0.542835
465.507919	0.542823
465.771414	0.542809
465.876852	0.542772
466.058599	0.542772
466.657052	0.542772
467.195049	0.542748
466.933239	0.542723
466.945922	0.542711
466.919612	0.542685
467.364112	0.542685
467.454806	0.542660
467.691616	0.542648
468.004369	0.542648
468.225125	0.542610
468.277185	0.542598
469.087816	0.542561
469.335257	0.542573
470.262698	0.542535
470.849952	0.542510
471.527525	0.542498
472.297844	0.542460
472.349904	0.542423
472.703718	0.542411
473.224911	0.542397
473.447352	0.542348
473.826166	0.542348
474.963358	0.542336
474.503739	0.542299
474.961672	0.542285
474.949731	0.542285
475.785736	0.542236
476.125924	0.542224
476.478428	0.542198
477.365751	0.542161
477.912318	0.542135
478.332194	0.542086
479.061451	0.542074
479.349579	0.542060
479.533386	0.542023
479.820204	0.541985
480.394399	0.541948
480.957021	0.541936
481.243088	0.541873
481.358782	0.541823
481.580848	0.541798
482.299850	0.541760
482.248165	0.541723
482.562035	0.541685
482.823845	0.541636
483.657798	0.541622
483.789545	0.541573
483.867548	0.541561
484.051355	0.541510
484.126930	0.541472
484.192992	0.541435
484.166674	0.541423
485.576507	0.541397
485.092998	0.541386
485.395870	0.541348
485.381501	0.541311
485.616251	0.541273
486.218249	0.541261
486.582694	0.541224
486.608068	0.541198
486.962257	0.541149
487.301695	0.541149
487.260266	0.541149
487.521702	0.541123
487.588880	0.541074
488.187333	0.541086
488.578463	0.541048
488.969968	0.541023
488.708526	0.541011
488.749962	0.541011
489.050398	0.540973
489.050398	0.540973
488.930967	0.540948
488.710211	0.540973
486.751015	0.540973
486.672638	0.540962
486.452256	0.540973
486.464947	0.540962
486.335253	0.540962
486.582694	0.540924
487.132632	0.540936
487.313637	0.540899
487.313637	0.540910
487.377270	0.540899
487.352638	0.540887
487.338269	0.540887
487.352270	0.540887
486.868387	0.540847
486.841701	0.540847
486.881078	0.540835
487.742458	0.540835
488.385142	0.540786
488.500461	0.540798
488.788963	0.540774
489.662285	0.540760
489.925780	0.540749
490.681730	0.540711
490.955856	0.540686
490.955856	0.540674
491.503734	0.540660
491.518478	0.540636
491.973609	0.540622
492.260052	0.540611
492.678242	0.540599
492.795621	0.540585
493.306557	0.540548
493.788374	0.540548
493.854435	0.540524
494.167563	0.540486
494.703132	0.540486
494.742133	0.540473
495.197639	0.540435
495.603513	0.540435
495.735636	0.540411
496.178826	0.540398
496.437833	0.540360
497.117466	0.540348
498.332286	0.540323
498.489408	0.540285
499.035233	0.540262
499.260102	0.540262
499.519484	0.540236
499.871981	0.540210
499.977418	0.540161
500.826115	0.540161
501.271732	0.540124
501.909561	0.540098
502.821884	0.540086
503.332821	0.540049
503.556004	0.540037
504.181885	0.539999
504.600075	0.539962
505.172585	0.539948
505.485713	0.539924
505.903903	0.539899
506.112343	0.539849
507.249534	0.539836
507.718667	0.539836
507.822044	0.539775
508.176233	0.539749
508.293605	0.539735
508.670366	0.539723
509.311365	0.539698
509.455429	0.539648
509.414742	0.539648
509.678613	0.539636
510.186747	0.539599
510.825318	0.539562
510.930381	0.539548
510.773433	0.539510
511.178564	0.539461
511.493377	0.539423
512.092197	0.539386
512.823890	0.539349
512.796830	0.539323
513.592524	0.539285
513.646269	0.539248
513.724646	0.539236
514.455589	0.539173
515.461033	0.539161
515.329286	0.539124
516.517795	0.539098
516.373731	0.539086
517.013988	0.539037
515.264167	0.539023
515.330971	0.539037
515.487718	0.539000
515.446289	0.538962
515.433973	0.538948
515.330971	0.538948
515.213967	0.538936
515.318655	0.538899
515.446289	0.538873
515.421290	0.538861
515.616664	0.538836
515.915422	0.538812
516.255610	0.538787
516.517795	0.538775
516.752920	0.538749
517.158051	0.538723
517.535180	0.538723
517.588925	0.538698
517.862677	0.538686
518.344501	0.538660
518.542309	0.538649
518.593994	0.538623
519.012185	0.538585
519.168565	0.538585
519.232566	0.538585
519.051561	0.538548
519.075818	0.538562
519.325687	0.538524
519.508752	0.538524
519.938884	0.538510
520.276636	0.538487
520.382074	0.538449
521.152768	0.538436
521.570583	0.538412
521.673960	0.538398
522.275216	0.538374
522.236582	0.538349
522.549342	0.538311
522.810777	0.538311
523.019592	0.538274
523.241658	0.538262
523.332345	0.538248
523.659099	0.538211
524.415416	0.538199
524.716235	0.538199
525.276429	0.538173
525.120049	0.538150
525.499613	0.538112
525.539356	0.538098
526.362678	0.538061
526.416423	0.538061
527.287317	0.538023
527.275376	0.538000
527.549127	0.537974
527.627872	0.537948
528.121637	0.537937
528.475826	0.537911
528.671575	0.537911
528.190126	0.537887
528.634259	0.537874
528.725320	0.537874
529.221513	0.537850
529.299891	0.537824
529.833399	0.537799
529.625334	0.537775
529.938462	0.537761
530.212588	0.537761
530.723525	0.537737
530.904905	0.537737
530.841271	0.537712
530.958650	0.537686
531.076396	0.537649
531.518469	0.537649
531.623531	0.537637
531.713850	0.537637
531.743713	0.537611
532.186160	0.537586
532.277221	0.537548
533.137484	0.537536
532.500030	0.537536
533.255606	0.537499
533.463671	0.537473
534.037866	0.537473
533.805543	0.537450
534.260675	0.537450
535.121313	0.537412
535.410183	0.537386
535.461875	0.537386
535.697000	0.537375
536.022069	0.537349
535.841431	0.537323
536.455378	0.537300
536.727444	0.537274
537.225697	0.537248
537.809773	0.537225
538.164330	0.537225
538.556577	0.537173
539.155405	0.537162
539.834288	0.537150
540.084157	0.537112
540.214219	0.537112
540.502722	0.537087
541.635051	0.537049
540.620843	0.537061
540.541723	0.537061
540.644726	0.537024
540.485918	0.537024
540.658727	0.537024
540.446917	0.537000
541.062916	0.536974
540.815475	0.536986
540.957853	0.536974
541.609676	0.536925
541.794233	0.536911
542.420863	0.536874
542.942056	0.536874
543.255184	0.536850
543.973810	0.536824
544.367001	0.536824
544.704761	0.536799
544.458062	0.536761
544.573755	0.536736
545.241072	0.536749
545.227071	0.536736
546.063076	0.536698
547.028027	0.536686
546.845336	0.536686
547.474394	0.536649
547.916467	0.536623
548.752847	0.536574
548.949346	0.536574
549.652861	0.536525
549.680289	0.536499
549.693347	0.536487
550.555670	0.536499
550.528610	0.536462
550.762425	0.536450
