29.894000	0.617903
29.894000	0.617903
29.854955	0.617891
30.798578	0.617891
31.022740	0.617741
31.439533	0.617603
31.959932	0.617540
32.118460	0.617442
32.286921	0.617404
32.428881	0.617341
32.796217	0.617266
33.018518	0.617203
33.422244	0.617128
33.527351	0.617091
33.996667	0.617004
34.087221	0.616915
34.231748	0.616892
34.610981	0.616803
34.740720	0.616779
34.884828	0.616690
35.095233	0.616615
35.340011	0.616604
35.642787	0.616541
35.563055	0.616491
36.138088	0.616404
36.360853	0.616316
36.647200	0.616229
36.884194	0.616154
37.287684	0.616117
37.261279	0.616004
37.707087	0.615941
37.927748	0.615829
38.282025	0.615716
38.842314	0.615653
38.933192	0.615529
39.207039	0.615428
39.573867	0.615367
40.045428	0.615278
39.901783	0.615192
40.396290	0.615079
40.578981	0.614979
40.658431	0.614880
41.298497	0.614791
41.349954	0.614705
41.638126	0.614616
41.936510	0.614529
42.170936	0.614480
42.342060	0.614405
42.797147	0.614354
42.694704	0.614267
42.878276	0.614180
42.813427	0.614117
43.324085	0.614005
43.544422	0.613904
43.817989	0.613829
42.906355	0.613730
43.008101	0.613679
43.479713	0.613604
44.068547	0.613466
44.734651	0.613330
45.399305	0.613218
45.490182	0.613129
46.102436	0.613005
45.920916	0.612930
46.663381	0.612792
46.534253	0.612754
46.898837	0.612642
46.925662	0.612541
47.186869	0.612492
47.278445	0.612380
47.500600	0.612293
47.629545	0.612230
48.216571	0.612117
48.152798	0.612068
48.099567	0.612005
48.453146	0.611942
48.243021	0.611879
48.568325	0.611804
48.660932	0.611780
48.751714	0.611691
49.013200	0.611680
49.220986	0.611605
49.261340	0.611530
49.302306	0.611467
50.259147	0.611480
48.668265	0.611518
48.253619	0.611542
48.087016	0.611530
48.790810	0.611492
48.452953	0.611455
49.470338	0.611380
49.668801	0.611242
51.398198	0.611181
49.452759	0.611167
49.468341	0.611181
49.416840	0.611167
49.349189	0.611155
49.271186	0.611193
49.349189	0.611181
49.363653	0.611193
49.312057	0.611181
49.285232	0.611181
49.299696	0.611181
49.168184	0.611181
49.192904	0.611193
49.231906	0.611193
49.273290	0.611167
49.285695	0.611193
49.377978	0.611167
49.679067	0.611118
50.071777	0.611055
50.122676	0.610980
50.398112	0.610855
50.488475	0.610830
50.620738	0.610743
50.737881	0.610705
50.045190	0.610680
50.999088	0.610617
51.649366	0.610567
51.271625	0.610492
51.298825	0.610467
51.558391	0.610392
51.663637	0.610293
52.003546	0.610230
52.330998	0.610143
52.199250	0.610092
52.590660	0.610031
52.617815	0.609956
53.151701	0.609919
50.824282	0.609956
53.686013	0.609956
52.161096	0.609905
52.186706	0.609867
52.290267	0.609830
52.746621	0.609769
52.461531	0.609731
53.259233	0.609619
53.506116	0.609518
54.727700	0.609455
52.761225	0.609455
53.074353	0.609455
53.361677	0.609368
54.057215	0.609256
54.147953	0.609167
54.276286	0.609081
54.825849	0.608994
54.970706	0.608856
55.218471	0.608680
55.441001	0.608605
55.923523	0.608444
56.197274	0.608343
56.563309	0.608181
56.524638	0.608043
56.824044	0.607968
57.307737	0.607807
57.373702	0.607706
57.675212	0.607544
58.013949	0.607355
58.329365	0.607205
58.838293	0.606994
59.319742	0.606868
59.476306	0.606694
60.129386	0.606568
60.183087	0.606381
60.482911	0.606205
60.888366	0.606093
61.252488	0.605919
61.538136	0.605807
61.865449	0.605657
62.021829	0.605470
62.178393	0.605407
62.427328	0.605243
62.635489	0.605168
62.830870	0.605056
62.948477	0.604920
63.092725	0.604831
63.391108	0.604719
63.483575	0.604620
63.718612	0.604531
63.926258	0.604407
64.019005	0.604332
64.253615	0.604243
64.292712	0.604168
64.474371	0.604070
64.828648	0.604007
64.958343	0.603882
65.219734	0.603794
65.193373	0.603707
65.597143	0.603594
65.753523	0.603482
66.119462	0.603433
66.042018	0.603332
66.210758	0.603257
66.354962	0.603157
66.445699	0.603070
66.590226	0.603019
66.851294	0.602894
67.058896	0.602857
67.306521	0.602770
67.163768	0.602695
67.347112	0.602644
67.465093	0.602557
67.450864	0.602508
67.570156	0.602419
67.685614	0.602344
67.673577	0.602307
67.974065	0.602220
68.066393	0.602169
68.286774	0.602108
68.299090	0.602007
68.404337	0.601970
68.560900	0.601895
68.678419	0.601820
68.549657	0.601745
68.874682	0.601644
68.811423	0.601621
69.421818	0.601546
69.370221	0.601508
69.434134	0.601433
69.591116	0.601358
69.591256	0.601307
69.788786	0.601232
69.997035	0.601195
70.153650	0.601108
70.427401	0.601033
70.349355	0.600982
70.571789	0.600907
70.689263	0.600857
70.755508	0.600771
71.016340	0.600696
71.041392	0.600658
71.198139	0.600607
71.173323	0.600558
71.249361	0.600495
71.628550	0.600433
71.706928	0.600357
72.022622	0.600295
72.098896	0.600232
72.203819	0.600157
72.452614	0.600082
72.333227	0.600033
72.464651	0.599982
72.594434	0.599933
72.662364	0.599883
72.660495	0.599858
72.777639	0.599771
72.868281	0.599745
72.856061	0.599696
73.078215	0.599658
73.272007	0.599633
73.234779	0.599583
73.377253	0.599495
73.430763	0.599495
73.443079	0.599420
73.692485	0.599396
73.690895	0.599345
73.834584	0.599282
73.925043	0.599244
73.951867	0.599183
73.951823	0.599146
74.042466	0.599120
74.318321	0.599057
74.161993	0.599045
74.371927	0.598970
74.423663	0.598958
74.436067	0.598895
74.526577	0.598846
74.643905	0.598820
74.800468	0.598771
74.722231	0.598720
74.827154	0.598708
74.998182	0.598659
74.969488	0.598633
75.023468	0.598570
75.245998	0.598532
75.297315	0.598483
75.270579	0.598434
75.309859	0.598408
75.414643	0.598345
75.454063	0.598308
75.886804	0.598183
76.240941	0.598120
76.371055	0.597996
76.683764	0.597884
76.982331	0.597821
77.062622	0.597734
77.284968	0.597671
77.429730	0.597533
77.611433	0.597458
77.872596	0.597371
78.160908	0.597284
78.261343	0.597209
78.366266	0.597158
78.354185	0.597057
78.368694	0.597020
78.679114	0.596945
78.810627	0.596884
79.355013	0.596858
78.364355	0.596846
78.443195	0.596809
78.599629	0.596821
78.520081	0.596809
78.457336	0.596771
78.758706	0.596708
78.785487	0.596683
78.900247	0.596645
78.900247	0.596596
78.978669	0.596558
77.140485	0.596547
78.092742	0.596547
79.228912	0.596458
79.449058	0.596420
79.580527	0.596359
79.698325	0.596322
79.920994	0.596271
79.933964	0.596184
80.051335	0.596133
80.298314	0.596071
80.481886	0.596008
80.638450	0.595933
80.665789	0.595847
81.214321	0.595772
81.199952	0.595697
81.789214	0.595596
81.645062	0.595547
82.063760	0.595421
82.117416	0.595346
82.495016	0.595233
82.819989	0.595121
82.717545	0.594983
83.499989	0.594896
83.565867	0.594796
83.854502	0.594697
84.598275	0.594559
84.415306	0.594472
84.896843	0.594334
84.872166	0.594247
85.170925	0.594135
85.745775	0.594058
85.692772	0.593922
86.007254	0.593796
86.073271	0.593709
86.320382	0.593622
86.528498	0.593547
86.660062	0.593435
86.815876	0.593346
87.050773	0.593285
86.921916	0.593208
87.325223	0.593133
87.258838	0.593035
87.637417	0.592971
87.779472	0.592896
87.664992	0.592847
88.029760	0.592772
88.173030	0.592721
88.200090	0.592660
88.329550	0.592585
88.708459	0.592510
88.446877	0.592459
88.943445	0.592384
88.957630	0.592323
88.982725	0.592234
89.165790	0.592159
89.295618	0.592122
89.217336	0.592058
89.503359	0.591997
89.476674	0.591934
89.622467	0.591885
89.647283	0.591847
89.776787	0.591772
89.791252	0.591735
89.816347	0.591684
90.011868	0.591660
90.038737	0.591623
90.300363	0.591548
90.353925	0.591522
90.417926	0.591459
90.561806	0.591421
90.520840	0.591372
90.601366	0.591323
90.860609	0.591297
90.887294	0.591222
91.134779	0.591173
91.058741	0.591134
90.797953	0.591061
91.279402	0.591021
91.396641	0.590986
91.383950	0.590923
91.670488	0.590871
91.618612	0.590834
91.735939	0.590810
91.696938	0.590759
91.411429	0.590698
91.580265	0.590660
91.775830	0.590609
91.983196	0.590560
92.295905	0.590548
91.839831	0.590510
92.258161	0.590473
93.118661	0.590447
92.521377	0.590384
92.834644	0.590335
92.729956	0.590272
93.145344	0.590211
93.145248	0.590185
93.303777	0.590148
93.160088	0.590073
93.185227	0.590047
93.368292	0.589972
93.746783	0.589946
93.840367	0.589885
92.169667	0.589885
93.772577	0.589834
93.915942	0.589785
93.969827	0.589735
94.085006	0.589672
94.189973	0.589635
94.177473	0.589609
94.307631	0.589548
94.635039	0.589497
94.882848	0.589436
94.870392	0.589398
94.882385	0.589373
94.858172	0.589309
95.274074	0.589248
95.276222	0.589211
95.601012	0.589148
95.535325	0.589110
95.652888	0.589061
95.757811	0.589010
95.862873	0.588972
95.902154	0.588923
96.371941	0.588874
96.213177	0.588822
96.113301	0.588747
96.437015	0.588698
96.713290	0.588609
97.260984	0.588560
97.456549	0.588460
97.496065	0.588385
97.430562	0.588298
97.926615	0.588249
98.005779	0.588160
98.175830	0.588085
98.525252	0.588024
98.486809	0.587972
98.630454	0.587911
98.579320	0.587848
98.696420	0.587773
98.996952	0.587722
99.048409	0.587673
99.099770	0.587623
99.219018	0.587586
99.190229	0.587548
99.321653	0.587474
99.256151	0.587448
99.530740	0.587373
99.569837	0.587336
99.637907	0.587261
99.845832	0.587174
100.107458	0.587148
100.262616	0.587061
100.498256	0.586961
101.084113	0.586860
100.915652	0.586811
101.047076	0.586760
101.294466	0.586710
101.839418	0.586647
99.643973	0.586647
100.286185	0.586647
100.130040	0.586661
100.117863	0.586661
100.064354	0.586673
100.076854	0.586661
100.025213	0.586635
100.051942	0.586635
100.064442	0.586624
100.103443	0.586624
100.089074	0.586598
100.066362	0.586586
100.091083	0.586561
100.115855	0.586561
100.103495	0.586549
100.090943	0.586549
100.115855	0.586511
100.091083	0.586523
100.105364	0.586497
100.130084	0.586511
100.013080	0.586486
100.012992	0.586486
100.078723	0.586460
100.091178	0.586460
100.142636	0.586448
100.117724	0.586436
100.208278	0.586411
100.376643	0.586399
100.132230	0.586385
101.385020	0.586348
101.215677	0.586261
101.423463	0.586198
101.594675	0.586137
101.516533	0.586137
101.110519	0.586085
101.516951	0.586048
101.815903	0.586024
102.064837	0.585961
102.716885	0.585872
102.522587	0.585811
102.993395	0.585711
103.580745	0.585673
104.062003	0.585573
104.297128	0.585486
104.494378	0.585423
104.495032	0.585336
104.729319	0.585298
105.172465	0.585212
105.316433	0.585137
105.473181	0.585062
105.537094	0.584987
105.629465	0.584949
105.786169	0.584886
106.047611	0.584811
106.177674	0.584736
106.280493	0.584673
106.582850	0.584648
106.713522	0.584561
106.870226	0.584486
106.960868	0.584423
107.156337	0.584336
107.574483	0.584273
107.390904	0.584198
107.561094	0.584174
107.639192	0.584111
107.483091	0.584074
107.678980	0.584011
108.004144	0.583961
107.950635	0.583898
108.214174	0.583873
108.292691	0.583823
108.397335	0.583774
108.500712	0.583723
108.801898	0.583662
108.855364	0.583587
109.114607	0.583536
109.322253	0.583512
109.168073	0.583461
109.546607	0.583411
109.714500	0.583374
109.584717	0.583299
109.900368	0.583250
109.780518	0.583186
110.054548	0.583137
110.513050	0.583086
111.398453	0.583025
111.044648	0.583011
109.671030	0.583037
109.241921	0.583025
107.915369	0.583011
109.818725	0.582973
110.290381	0.582924
110.302183	0.582887
110.407150	0.582849
110.287998	0.582849
110.406258	0.582812
110.656083	0.582737
110.929371	0.582686
111.059199	0.582662
111.203402	0.582599
111.608953	0.582512
111.673189	0.582486
111.712933	0.582411
112.184170	0.582386
112.143020	0.582325
112.432963	0.582224
112.366806	0.582175
112.718752	0.582100
112.784813	0.582025
113.190407	0.581950
113.083616	0.581861
113.398333	0.581800
113.657576	0.581761
113.919062	0.581711
113.985168	0.581648
114.024728	0.581587
114.259948	0.581498
114.690264	0.581437
114.753897	0.581400
114.900109	0.581325
115.303791	0.581262
115.328791	0.581213
115.669022	0.581112
115.734900	0.581074
116.336383	0.580988
116.204871	0.580911
116.285580	0.580850
116.728212	0.580761
116.819185	0.580700
116.924056	0.580625
117.393608	0.580536
117.773076	0.580438
117.980862	0.580386
118.019958	0.580311
118.255458	0.580199
118.673413	0.580161
118.999180	0.580037
119.456188	0.579937
119.392790	0.579887
119.940807	0.579761
120.269053	0.579663
120.630975	0.579562
120.763046	0.579450
121.024349	0.579363
121.220098	0.579274
121.598964	0.579237
121.664371	0.579138
121.911856	0.579063
122.066411	0.578988
122.447190	0.578925
122.408468	0.578862
122.641025	0.578763
122.797869	0.578700
123.242979	0.578611
123.479275	0.578537
123.543372	0.578475
123.778496	0.578400
123.934781	0.578300
123.986098	0.578274
124.142662	0.578187
124.313272	0.578150
124.469880	0.578075
124.795742	0.578012
124.705005	0.577951
124.966447	0.577876
124.978763	0.577825
125.279575	0.577750
125.954862	0.577689
123.108161	0.577689
123.551866	0.577724
123.894479	0.577712
124.443055	0.577612
124.701739	0.577574
124.939064	0.577537
125.198351	0.577476
125.330054	0.577450
125.474023	0.577387
125.513303	0.577338
125.538443	0.577312
125.760693	0.577225
125.799885	0.577225
126.059172	0.577162
126.164095	0.577113
126.178560	0.577050
126.217796	0.577050
126.335219	0.576989
126.321078	0.576963
126.635935	0.576925
126.753314	0.576888
126.504981	0.576825
126.832154	0.576787
126.974253	0.576738
127.208680	0.576701
127.184562	0.576638
127.497087	0.576551
127.497315	0.576513
127.627054	0.576476
127.771397	0.576462
127.993883	0.576413
128.084665	0.576350
128.306966	0.576312
128.449249	0.576237
128.568820	0.576188
128.620461	0.576162
128.776797	0.576125
128.867300	0.576075
129.168390	0.576012
129.220406	0.575951
129.429973	0.575914
129.742961	0.575851
129.848067	0.575839
129.926629	0.575750
129.860847	0.575738
130.198371	0.575701
130.146870	0.575663
130.317759	0.575614
130.513699	0.575551
130.618805	0.575537
130.826826	0.575488
130.839047	0.575425
130.905248	0.575401
131.232465	0.575338
131.127821	0.575312
131.350123	0.575263
131.582306	0.575226
131.714517	0.575176
131.729077	0.575139
131.885501	0.575113
132.132567	0.575038
132.183929	0.575013
132.286843	0.575001
132.511616	0.574951
132.482827	0.574914
132.705217	0.574863
132.849560	0.574813
132.901157	0.574776
133.098687	0.574738
133.240690	0.574675
133.253426	0.574638
133.424174	0.574589
133.436535	0.574563
133.424498	0.574514
133.556341	0.574462
133.725037	0.574425
133.673999	0.574364
134.011149	0.574338
133.998745	0.574289
134.103616	0.574275
134.116072	0.574200
134.131095	0.574188
134.441420	0.574151
134.404523	0.574088
134.585719	0.574088
134.573587	0.574038
134.586043	0.574013
134.782166	0.573989
134.913591	0.573938
135.043330	0.573889
135.174702	0.573825
134.953011	0.573788
135.185473	0.573762
135.395738	0.573725
135.708630	0.573650
135.683910	0.573638
135.799368	0.573612
135.877650	0.573563
136.036597	0.573500
136.153645	0.573500
136.400712	0.573439
136.517017	0.573425
136.608872	0.573388
136.415830	0.573350
136.402160	0.573313
136.754053	0.573263
137.410590	0.573189
137.708231	0.573139
138.176056	0.573076
138.268285	0.573001
138.111766	0.572964
138.177548	0.572926
138.138223	0.572877
138.411974	0.572802
138.307471	0.572776
138.596296	0.572688
139.013972	0.572638
139.300275	0.572601
139.652404	0.572526
139.703766	0.572488
139.469853	0.572425
139.809012	0.572388
139.966230	0.572313
140.124479	0.572264
140.254218	0.572226
140.332683	0.572163
140.383905	0.572102
140.606067	0.572051
140.514159	0.572013
140.919614	0.571964
141.129783	0.571915
141.208205	0.571863
141.142842	0.571802
141.834555	0.571727
141.781369	0.571664
142.132939	0.571615
142.433846	0.571577
142.407066	0.571489
142.565498	0.571465
142.485627	0.571414
142.614572	0.571351
143.204254	0.571313
143.165487	0.571238
140.829337	0.571189
143.741777	0.571126
144.395232	0.571027
144.641880	0.570915
144.666652	0.570852
145.072570	0.570765
145.074115	0.570702
145.528879	0.570627
145.592741	0.570552
145.751453	0.570463
145.697943	0.570402
146.181864	0.570388
146.390443	0.570276
146.730866	0.570238
147.199021	0.570163
145.969653	0.570177
144.596734	0.570177
144.480288	0.570189
144.363285	0.570201
144.258685	0.570201
144.143506	0.570189
144.116961	0.570201
144.104644	0.570189
144.116961	0.570215
144.077864	0.570215
144.063539	0.570201
144.036714	0.570189
144.075715	0.570189
144.075715	0.570177
144.114856	0.570163
144.141593	0.570152
144.090180	0.570152
144.075855	0.570152
144.116961	0.570126
144.102401	0.570126
144.127173	0.570102
144.065503	0.570102
143.817171	0.570077
144.418147	0.570051
144.704021	0.570027
144.861712	0.569964
145.500981	0.569939
144.758465	0.569889
145.645045	0.569852
145.944923	0.569840
145.854141	0.569803
145.879097	0.569777
145.605155	0.569777
145.800815	0.569740
146.037013	0.569702
146.924704	0.569627
146.951440	0.569564
147.251649	0.569540
147.369770	0.569515
147.407086	0.569440
147.930479	0.569377
148.164949	0.569339
148.309013	0.569290
148.191965	0.569239
148.583279	0.569189
148.752343	0.569140
148.948004	0.569077
149.185696	0.569014
148.742408	0.568990
148.371671	0.568976
148.229004	0.568965
150.248717	0.568976
147.860735	0.568953
147.561041	0.568953
147.524144	0.568953
147.509775	0.568953
147.431721	0.568927
147.472826	0.568939
147.485238	0.568939
147.472826	0.568915
147.472826	0.568927
147.458406	0.568915
147.419456	0.568901
147.096901	0.568864
148.869487	0.568789
148.805809	0.568752
149.703816	0.568702
149.781495	0.568677
149.875166	0.568615
150.438118	0.568541
150.711406	0.568477
150.882200	0.568414
151.010253	0.568389
151.232224	0.568351
151.310602	0.568290
151.415664	0.568264
151.857877	0.568215
151.781883	0.568215
151.610950	0.568152
152.861130	0.568115
151.808375	0.568077
152.171563	0.568014
153.228422	0.568002
152.241544	0.567927
152.813819	0.567864
154.467271	0.567803
153.129190	0.567702
153.716304	0.567665
153.912061	0.567590
154.264189	0.567501
154.564023	0.567464
154.616826	0.567403
155.218456	0.567328
155.347680	0.567239
155.137651	0.567190
156.181677	0.567127
156.130455	0.567028
156.574956	0.566991
156.732497	0.566902
156.913833	0.566789
157.409790	0.566766
157.604841	0.566677
157.397290	0.566640
157.670106	0.566553
158.036141	0.566490
157.554413	0.566464
158.546982	0.566377
158.769467	0.566328
159.354433	0.566239
159.161436	0.566178
159.525506	0.566152
159.916967	0.566066
159.968468	0.566003
160.320781	0.565928
158.781914	0.565865
160.687374	0.565790
161.613794	0.565729
162.343759	0.565677
162.005527	0.565590
162.643635	0.565527
162.202165	0.565478
162.332227	0.565389
162.881562	0.565340
163.009337	0.565239
162.685106	0.565190
164.050894	0.565090
162.600628	0.565103
161.427377	0.565127
161.022481	0.565127
160.776061	0.565115
162.698593	0.565040
162.985035	0.564965
163.101385	0.564928
163.193712	0.564865
163.309171	0.564827
163.583437	0.564752
163.832188	0.564703
163.807232	0.564654
163.922647	0.564616
163.910235	0.564603
163.703148	0.564565
165.654050	0.564504
162.237344	0.564516
162.643270	0.564478
162.565407	0.564516
162.487404	0.564478
162.497756	0.564490
162.485395	0.564504
162.458615	0.564490
162.472984	0.564478
162.446299	0.564453
162.512036	0.564466
162.524397	0.564441
162.512125	0.564415
162.524397	0.564415
162.497756	0.564415
162.551221	0.564403
162.565546	0.564403
162.536757	0.564390
162.577862	0.564352
162.199467	0.564315
163.113606	0.564265
163.753723	0.564228
163.910470	0.564179
164.055093	0.564127
163.858776	0.564040
164.784306	0.564003
164.773675	0.563954
165.087038	0.563916
165.294728	0.563879
165.280080	0.563804
165.504714	0.563778
163.870126	0.563766
164.338507	0.563778
163.544768	0.563778
164.785477	0.563766
165.018174	0.563703
165.019904	0.563703
164.864134	0.563628
165.240145	0.563640
165.227645	0.563591
165.006138	0.563579
165.489647	0.563542
165.660160	0.563528
165.567554	0.563516
165.660021	0.563478
165.672197	0.563467
165.699162	0.563453
165.684697	0.563441
165.750479	0.563415
165.696874	0.563404
165.711338	0.563392
165.750339	0.563392
165.723419	0.563354
165.801701	0.563340
165.711199	0.563340
165.789480	0.563329
165.762516	0.563303
164.846501	0.563315
164.559735	0.563315
164.352317	0.563303
164.301095	0.563329
164.223093	0.563329
164.181987	0.563329
164.184091	0.563329
164.169767	0.563315
164.143081	0.563315
164.142986	0.563340
164.143081	0.563315
164.130626	0.563329
164.128617	0.563315
164.182127	0.563329
164.325299	0.563315
164.522969	0.563277
164.560145	0.563266
165.658990	0.563240
165.712036	0.563202
165.959007	0.563153
166.271907	0.563127
166.271995	0.563116
166.049840	0.563090
166.350233	0.563066
167.418894	0.563066
163.586239	0.563053
167.796912	0.563029
167.709158	0.562978
167.748718	0.562940
167.814684	0.562891
168.103231	0.562828
168.663050	0.562767
168.675601	0.562729
169.108160	0.562703
169.276482	0.562640
169.249561	0.562603
169.563152	0.562579
169.680950	0.562504
170.006393	0.562479
169.271219	0.562453
168.711853	0.562453
168.543209	0.562467
167.838436	0.562467
169.577153	0.562467
169.524761	0.562404
169.877781	0.562354
170.046705	0.562329
170.896379	0.562266
170.779140	0.562216
171.013706	0.562165
171.157351	0.562128
171.091988	0.562067
171.405491	0.562029
171.679058	0.561992
171.783746	0.561929
171.914698	0.561865
172.164052	0.561842
172.515622	0.561779
172.606684	0.561729
173.416474	0.561654
173.272594	0.561603
173.729367	0.561554
173.949888	0.561491
173.937527	0.561453
174.487326	0.561404
174.617248	0.561353
174.644352	0.561303
175.138397	0.561228
175.296830	0.561217
175.505644	0.561116
175.830757	0.561090
175.987182	0.561041
176.392776	0.560966
176.119444	0.560903
176.472227	0.560866
176.890086	0.560804
177.176389	0.560753
177.411279	0.560666
177.581844	0.560641
177.920023	0.560566
178.182392	0.560505
178.246305	0.560416
178.926400	0.560315
179.019051	0.560266
179.290515	0.560179
179.591326	0.560142
180.075298	0.560053
180.219127	0.559992
180.087989	0.559955
180.923760	0.559866
180.987577	0.559817
180.845757	0.559779
181.288528	0.559704
181.628017	0.559641
181.811501	0.559592
182.308532	0.559529
182.607100	0.559479
183.078293	0.559393
182.815775	0.559341
183.285327	0.559280
183.639324	0.559203
183.663817	0.559154
183.991174	0.559091
184.149702	0.559053
184.213564	0.558992
184.500102	0.558955
184.656386	0.558880
184.944602	0.558829
184.996251	0.558791
185.035436	0.558716
185.557606	0.558667
185.754481	0.558618
185.727517	0.558566
185.949767	0.558529
185.986480	0.558480
186.157832	0.558454
186.458276	0.558391
186.339308	0.558330
186.600794	0.558304
186.864150	0.558255
186.850060	0.558229
187.099135	0.558154
187.240816	0.558117
187.397938	0.558079
187.581466	0.558016
187.581422	0.558016
188.129396	0.557941
188.194803	0.557917
188.195596	0.557854
188.535784	0.557791
188.679892	0.557768
188.691833	0.557730
189.043823	0.557655
189.042093	0.557630
189.122619	0.557566
189.279183	0.557517
189.435283	0.557480
189.552846	0.557417
189.475262	0.557355
190.008396	0.557304
190.191601	0.557267
190.283973	0.557217
190.714383	0.557154
190.453926	0.557091
191.014076	0.557042
191.681760	0.556993
192.956347	0.556941
191.113920	0.556904
190.044230	0.556904
190.428036	0.556918
191.158742	0.556904
192.034447	0.556791
192.332787	0.556705
192.345427	0.556693
192.870688	0.556604
193.039891	0.556567
193.719289	0.556468
193.913308	0.556405
194.082328	0.556368
194.437164	0.556304
194.672340	0.556218
195.024373	0.556166
195.728492	0.556080
196.185727	0.556017
195.966559	0.555918
196.159696	0.555880
196.631631	0.555780
197.010166	0.555705
197.255643	0.555618
197.714703	0.555518
197.610016	0.555480
197.962887	0.555393
198.576179	0.555330
199.046194	0.555243
198.967493	0.555129
199.085291	0.555092
199.280481	0.555017
199.398602	0.554930
199.542666	0.554881
200.867688	0.554806
198.782901	0.554806
198.299583	0.554768
198.260442	0.554754
198.272847	0.554731
198.274767	0.554668
198.287083	0.554668
198.377586	0.554630
198.402167	0.554605
198.441168	0.554581
198.467949	0.554543
198.480169	0.554530
198.519266	0.554506
198.545907	0.554492
198.531487	0.554480
198.545907	0.554455
198.533495	0.554443
198.584953	0.554431
198.572688	0.554394
198.599417	0.554380
198.599277	0.554380
198.597269	0.554368
198.506854	0.554342
198.521135	0.554319
198.545767	0.554293
198.611593	0.554281
198.584769	0.554267
198.624049	0.554218
198.650690	0.554242
198.636410	0.554181
198.636130	0.554192
198.648491	0.554167
198.623770	0.554167
198.636270	0.554155
198.599094	0.554117
198.689736	0.554117
198.689736	0.554117
198.716281	0.554106
198.675132	0.554106
198.740958	0.554080
198.728737	0.554054
198.675176	0.554068
198.416447	0.554031
199.227164	0.554005
199.630192	0.553993
199.786101	0.553930
199.891303	0.553930
201.608801	0.553881
199.214052	0.553893
199.838955	0.553881
201.027560	0.553806
201.052280	0.553755
201.329305	0.553717
201.931023	0.553680
202.322153	0.553605
202.725269	0.553555
202.646803	0.553518
204.843035	0.553417
204.594239	0.553356
205.129198	0.553256
205.561713	0.553181
205.728349	0.553118
205.989182	0.553055
206.082119	0.553005
206.236623	0.552956
206.395614	0.552844
206.657101	0.552792
206.918448	0.552731
207.111490	0.552706
207.280370	0.552631
207.439317	0.552605
207.674207	0.552544
207.947731	0.552506
208.260719	0.552493
208.143671	0.552418
208.483623	0.552380
208.664863	0.552331
209.085202	0.552282
209.019001	0.552244
209.058517	0.552193
209.515473	0.552144
209.620535	0.552132
209.801959	0.552094
210.037040	0.552043
210.259151	0.552005
210.440626	0.551968
210.584690	0.551919
210.831896	0.551856
210.702157	0.551844
210.741673	0.551769
211.068890	0.551718
211.068846	0.551706
211.421019	0.551656
211.328412	0.551619
211.721551	0.551582
211.787708	0.551530
211.980846	0.551493
212.113152	0.551443
212.086467	0.551443
212.189330	0.551394
212.465229	0.551357
212.543467	0.551319
212.895361	0.551282
212.726951	0.551244
212.988482	0.551219
213.013203	0.551181
213.221040	0.551144
213.353111	0.551106
213.484814	0.551081
213.874259	0.551031
213.991498	0.551006
213.979278	0.550980
214.358650	0.550943
214.436469	0.550881
214.607262	0.550856
214.578333	0.550818
214.788503	0.550793
214.749318	0.550769
215.023539	0.550743
215.050269	0.550706
215.258385	0.550657
215.260158	0.550643
215.559285	0.550631
215.532416	0.550605
215.571182	0.550568
216.511777	0.550544
216.278896	0.550456
216.525963	0.550418
216.785485	0.550394
217.098568	0.550357
217.100437	0.550331
217.203072	0.550282
217.374101	0.550231
217.400925	0.550231
217.426160	0.550170
217.582585	0.550118
217.870800	0.550081
217.831755	0.550032
217.975723	0.550006
218.091138	0.549982
218.274482	0.549957
218.445231	0.549919
218.301307	0.549882
218.533865	0.549868
218.900642	0.549830
218.810095	0.549793
219.137312	0.549769
219.174445	0.549732
219.255014	0.549694
219.475352	0.549657
219.475440	0.549643
219.605274	0.549606
219.839980	0.549568
219.983949	0.549544
220.010634	0.549507
220.142337	0.549481
220.257935	0.549432
220.441236	0.549418
220.454059	0.549395
220.781607	0.549331
220.832785	0.549320
220.884382	0.549282
220.923942	0.549231
221.121376	0.549245
221.356221	0.549182
221.681621	0.549156
222.008882	0.549107
222.006594	0.549069
222.542820	0.549055
222.634579	0.549055
222.349305	0.549018
222.400850	0.548969
222.491448	0.548957
223.298630	0.548919
222.111282	0.548894
222.988339	0.548856
223.313504	0.548819
223.288967	0.548781
223.419169	0.548732
223.731973	0.548706
223.717981	0.548669
224.029757	0.548669
222.110025	0.548669
222.032118	0.548657
221.941983	0.548669
221.915203	0.548657
221.929718	0.548657
221.771469	0.548643
221.864076	0.548606
221.837295	0.548620
221.915438	0.548620
221.849612	0.548582
221.903033	0.548582
221.824751	0.548568
221.877745	0.548531
222.451705	0.548507
222.568848	0.548493
222.855335	0.548456
222.921301	0.548444
223.156426	0.548407
223.418008	0.548407
223.640582	0.548369
223.863067	0.548369
223.849301	0.548306
224.137428	0.548257
224.281257	0.548257
224.580383	0.548219
224.919829	0.548194
224.971749	0.548156
225.245456	0.548107
225.076767	0.548095
225.441021	0.548069
225.744312	0.548044
225.766744	0.548006
225.845026	0.547981
225.978738	0.547957
226.082211	0.547957
226.419736	0.547920
226.720408	0.547868
227.035823	0.547845
226.904495	0.547819
227.124692	0.547782
227.361826	0.547756
227.660724	0.547718
227.921836	0.547681
227.987897	0.547643
228.144601	0.547606
228.040053	0.547594
228.574967	0.547531
228.626608	0.547507
228.849233	0.547456
228.939875	0.547432
229.123683	0.547407
229.306373	0.547369
229.607236	0.547332
229.619501	0.547294
229.829442	0.547283
230.062088	0.547257
230.181615	0.547194
230.402371	0.547194
230.416461	0.547133
230.482427	0.547107
230.545921	0.547093
230.663527	0.547070
230.715124	0.547044
230.780906	0.547007
230.834511	0.546981
230.991171	0.546932
231.120858	0.546920
231.341195	0.546882
231.302054	0.546868
231.485399	0.546845
231.629507	0.546819
231.786166	0.546794
231.747069	0.546756
231.917958	0.546732
231.942679	0.546695
232.138435	0.546695
232.216761	0.546657
232.257727	0.546620
232.373281	0.546583
232.453571	0.546545
232.504977	0.546557
232.661496	0.546519
232.648996	0.546519
232.778780	0.546482
232.962264	0.546456
233.248567	0.546419
233.222249	0.546419
233.314672	0.546370
233.312568	0.546370
233.508412	0.546332
233.652895	0.546306
233.889286	0.546269
233.902021	0.546283
233.980391	0.546220
234.045990	0.546208
234.161404	0.546182
234.150021	0.546145
234.372646	0.546119
234.634177	0.546056
234.893560	0.546044
235.130230	0.546007
235.064492	0.545969
235.404356	0.545944
235.585736	0.545906
235.781485	0.545857
235.729469	0.545819
235.964176	0.545794
235.887858	0.545756
236.095041	0.545719
235.976727	0.545695
236.121629	0.545681
236.355776	0.545644
236.644132	0.545620
236.669183	0.545569
236.879352	0.545557
237.231621	0.545520
237.479062	0.545482
237.725989	0.545445
237.831235	0.545419
238.171937	0.545382
238.653290	0.545320
238.746551	0.545269
238.629217	0.545246
239.230053	0.545182
239.177241	0.545157
239.619594	0.545108
239.567953	0.545058
239.254869	0.545033
240.025232	0.544983
240.260218	0.544958
240.012968	0.544932
240.443283	0.544869
240.482336	0.544845
240.519416	0.544831
240.611839	0.544808
240.584684	0.544794
240.770133	0.544733
240.809692	0.544719
240.820044	0.544670
241.070148	0.544632
241.512125	0.544644
241.580430	0.544583
242.062298	0.544557
242.061784	0.544532
241.237859	0.544482
242.074982	0.544457
242.231406	0.544419
242.649596	0.544370
242.688554	0.544358
242.556946	0.544321
243.131753	0.544295
243.041006	0.544258
243.065499	0.544232
243.326471	0.544208
243.263447	0.544183
243.522594	0.544171
243.510374	0.544108
244.216456	0.544108
244.591630	0.544045
244.046545	0.544033
245.177443	0.544007
244.660161	0.543970
244.738487	0.543944
244.831329	0.543895
245.117353	0.543857
245.467517	0.543832
245.364977	0.543808
246.081465	0.543782
245.665649	0.543759
245.872832	0.543733
247.072864	0.543682
246.565943	0.543670
246.946013	0.543621
246.072177	0.543569
247.035634	0.543558
247.126555	0.543520
247.596107	0.543471
246.452064	0.543445
247.688809	0.543382
247.662492	0.543333
248.681937	0.543333
248.436311	0.543295
247.952112	0.543258
247.392371	0.543208
248.253996	0.543145
249.708192	0.543134
247.448980	0.543108
246.249596	0.543108
245.910716	0.543145
245.847083	0.543134
245.742211	0.543134
245.715570	0.543134
245.703210	0.543134
245.664157	0.543120
245.651892	0.543134
245.676569	0.543096
245.676473	0.543096
245.717718	0.543120
245.664297	0.543082
245.715614	0.543070
245.664253	0.543059
245.742351	0.543045
245.742351	0.543045
245.715614	0.543021
245.715570	0.543033
245.742395	0.543007
245.756580	0.542996
245.703254	0.543007
246.799899	0.542970
246.344253	0.542946
246.616371	0.542921
246.658454	0.542869
247.127307	0.542869
247.347549	0.542857
247.347688	0.542832
247.374565	0.542820
247.623640	0.542808
247.753379	0.542783
247.778099	0.542771
247.741202	0.542745
247.975952	0.542708
248.105552	0.542682
248.184164	0.542682
248.470511	0.542670
248.575618	0.542658
248.758632	0.542633
248.861825	0.542621
248.967307	0.542607
249.057670	0.542583
249.109127	0.542570
249.319252	0.542532
249.280530	0.542520
249.503383	0.542508
249.750265	0.542433
249.948353	0.542408
250.193132	0.542420
250.195280	0.542370
250.312615	0.542370
250.520959	0.542307
250.430266	0.542321
250.677707	0.542295
250.887832	0.542258
251.318059	0.542209
251.198855	0.542171
251.631370	0.542146
251.697057	0.542120
251.775434	0.542120
251.878253	0.542071
252.296531	0.542071
252.428514	0.542019
252.401594	0.542008
252.543693	0.541996
252.675492	0.541958
252.805555	0.541933
253.027761	0.541895
253.130903	0.541883
253.237834	0.541858
253.470672	0.541846
253.459386	0.541795
253.915591	0.541795
253.981652	0.541757
254.334200	0.541708
254.360981	0.541682
254.385797	0.541659
254.515396	0.541621
254.686329	0.541584
254.776883	0.541570
255.011729	0.541532
255.026472	0.541509
255.195117	0.541495
255.273539	0.541446
255.444662	0.541420
255.664904	0.541408
255.705914	0.541396
255.744915	0.541371
255.835653	0.541345
255.899515	0.541321
255.965620	0.541307
256.227246	0.541284
256.383766	0.541233
256.461908	0.541221
256.421082	0.541171
256.682613	0.541146
256.814316	0.541146
256.970645	0.541108
257.076082	0.541096
257.245051	0.541096
257.335605	0.541045
257.440616	0.541022
257.677521	0.540996
257.804921	0.540958
257.846166	0.540958
257.910219	0.540895
257.988405	0.540895
258.120388	0.540846
258.107932	0.540832
258.184110	0.540820
258.237855	0.540783
258.394279	0.540771
258.486746	0.540757
258.680678	0.540734
258.641537	0.540708
258.653897	0.540659
258.851375	0.540659
258.837330	0.540633
258.954664	0.540621
259.086552	0.540570
259.098772	0.540546
259.150369	0.540546
259.399679	0.540521
259.541683	0.540495
259.686026	0.540483
259.740006	0.540446
259.881687	0.540420
260.050471	0.540408
260.155813	0.540383
260.326746	0.540371
260.468801	0.540322
260.495809	0.540322
260.547267	0.540270
260.913632	0.540258
260.860350	0.540247
261.148662	0.540209
261.031474	0.540183
261.383551	0.540158
261.461650	0.540172
261.365274	0.540146
259.840635	0.540134
260.011986	0.540120
259.775970	0.540134
259.777979	0.540134
259.817075	0.540120
259.802611	0.540109
259.763470	0.540097
259.816980	0.540071
259.841612	0.540083
259.855981	0.540071
259.882762	0.540059
259.868297	0.540045
259.868297	0.540022
259.855937	0.540034
259.880658	0.540022
259.895122	0.539996
259.919659	0.539984
260.155771	0.539959
259.737902	0.539945
260.196544	0.539945
260.260030	0.539945
260.221125	0.539933
260.339202	0.539896
259.189608	0.539909
259.933705	0.539896
260.481399	0.539872
260.534348	0.539896
260.206660	0.539872
260.808797	0.539846
261.255165	0.539809
261.646207	0.539771
262.206680	0.539746
262.756243	0.539696
263.119003	0.539659
263.355813	0.539633
263.732942	0.539608
264.033753	0.539570
264.334572	0.539521
264.831132	0.539472
264.831132	0.539458
265.144260	0.539408
265.418386	0.539383
265.704829	0.539345
265.785634	0.539322
266.242825	0.539270
266.740135	0.539233
266.921515	0.539184
267.496085	0.539134
267.716834	0.539083
268.017645	0.539022
268.800281	0.538971
269.181155	0.538921
269.834470	0.538835
269.795468	0.538809
270.262174	0.538722
270.579221	0.538722
270.852972	0.538633
271.517487	0.538570
272.053423	0.538533
271.922050	0.538458
271.597724	0.538383
272.875984	0.538334
273.425921	0.538196
273.686989	0.538135
275.117153	0.538046
274.142863	0.537947
274.405991	0.537884
274.690748	0.537784
274.861497	0.537697
276.203209	0.537608
276.242210	0.537559
274.182614	0.537509
276.374700	0.537472
276.973153	0.537397
277.168160	0.537346
277.639720	0.537308
277.977480	0.537271
278.343978	0.537196
278.057910	0.537172
277.771649	0.537097
278.606912	0.537034
279.140046	0.536997
279.245109	0.536934
279.389173	0.536910
280.107799	0.536847
280.106114	0.536784
280.367557	0.536746
280.863750	0.536683
280.813175	0.536660
281.189561	0.536585
281.296684	0.536533
281.490005	0.536496
281.581066	0.536447
282.116260	0.536409
282.314069	0.536346
282.509818	0.536334
282.835262	0.536271
282.781517	0.536234
282.835262	0.536184
283.265768	0.536135
283.539894	0.536084
283.903964	0.536060
283.930650	0.536034
283.957710	0.535997
284.322155	0.535934
284.231836	0.535885
284.544589	0.535873
284.989471	0.535847
285.261537	0.535784
285.224221	0.535747
285.405601	0.535709
285.655095	0.535672
285.799534	0.535622
285.980914	0.535597
286.242349	0.535559
286.477474	0.535522
286.973667	0.535472
287.013043	0.535421
287.562981	0.535397
287.665983	0.535334
287.653300	0.535297
288.071115	0.535271
287.835797	0.535210
287.862482	0.535184
288.580741	0.535110
288.529424	0.535072
288.605741	0.535009
289.063307	0.534972
289.101934	0.534922
289.820935	0.534859
289.963314	0.534798
290.095062	0.534772
289.906785	0.534747
290.355561	0.534723
290.068002	0.534646
290.459881	0.534609
290.904382	0.534571
290.943383	0.534534
291.098078	0.534496
291.450207	0.534447
291.635700	0.534398
291.987829	0.534360
292.131892	0.534323
292.286587	0.534309
292.524140	0.534248
293.123335	0.534222
293.370401	0.534173
293.421719	0.534110
293.751650	0.534084
294.126352	0.534035
294.363162	0.533997
294.231414	0.533960
294.610228	0.533911
294.702974	0.533873
294.935672	0.533859
295.067794	0.533810
295.172482	0.533784
295.224167	0.533747
295.500353	0.533709
295.666990	0.533672
295.760111	0.533623
295.980117	0.533585
296.387676	0.533534
296.216927	0.533534
296.515311	0.533496
296.373308	0.533459
296.739805	0.533422
296.894500	0.533398
297.050873	0.533372
297.038931	0.533347
297.156685	0.533285
297.325749	0.533272
297.716879	0.533211
298.176498	0.533185
298.240874	0.533147
298.346686	0.533110
298.829813	0.533047
298.776443	0.533009
298.842129	0.532986
299.453641	0.532948
299.495070	0.532911
299.923891	0.532848
300.172642	0.532822
300.644578	0.532785
300.722580	0.532723
300.681894	0.532698
301.112025	0.532647
301.087768	0.532597
302.243805	0.532585
300.628717	0.532560
300.719403	0.532522
300.692718	0.532510
300.367649	0.532473
300.499397	0.532459
300.484653	0.532436
300.616400	0.532410
300.523654	0.532361
300.680034	0.532361
300.589340	0.532347
300.797406	0.532335
300.574972	0.532286
300.744035	0.532286
300.783037	0.532272
300.809722	0.532234
300.628342	0.532223
300.652974	0.532197
300.758037	0.532197
300.861039	0.532159
300.772406	0.532136
300.797038	0.532122
300.926726	0.532122
300.953411	0.532110
298.720089	0.532098
299.690076	0.532073
300.655402	0.532085
301.007531	0.532061
301.188911	0.532047
301.281657	0.532010
301.489354	0.531998
301.450721	0.531960
301.490097	0.531948
301.739223	0.531897
301.908287	0.531885
302.351102	0.531885
302.207788	0.531836
302.849162	0.531810
303.188975	0.531761
303.619481	0.531710
304.377484	0.531686
304.573233	0.531635
304.910618	0.531597
304.937303	0.531560
305.446187	0.531548
305.537248	0.531511
305.852061	0.531459
305.738041	0.531448
306.503316	0.531384
306.647005	0.531347
306.622754	0.531323
306.894821	0.531286
307.195632	0.531260
307.535820	0.531197
307.759003	0.531173
308.294572	0.531122
308.944710	0.531061
309.049773	0.531047
309.362900	0.531010
309.651395	0.530935
309.781090	0.530923
310.108587	0.530874
310.067158	0.530860
310.512033	0.530811
310.539093	0.530785
310.629780	0.530724
310.957283	0.530698
310.944967	0.530649
311.529794	0.530635
311.517103	0.530623
312.104731	0.530574
311.776860	0.530537
312.064988	0.530511
312.079357	0.530473
312.287422	0.530436
312.223420	0.530398
312.221735	0.530373
312.392484	0.530361
312.691243	0.530335
312.627984	0.530310
312.979738	0.530260
313.031056	0.530235
312.721848	0.530197
313.464364	0.530148
313.385987	0.530111
313.331499	0.530085
313.580993	0.530047
313.123802	0.530036
313.502991	0.530010
314.065620	0.529986
314.260433	0.529935
314.873997	0.529860
315.277444	0.529848
315.605315	0.529799
315.918817	0.529748
316.036196	0.529724
316.349324	0.529673
316.623075	0.529624
316.950946	0.529572
317.158637	0.529535
317.342077	0.529497
317.525142	0.529448
317.445454	0.529436
318.229774	0.529347
318.178457	0.529336
318.700399	0.529286
318.750967	0.529235
319.051778	0.529211
319.352222	0.529174
319.208159	0.529136
319.533228	0.529099
319.416224	0.529061
319.442909	0.528998
320.200544	0.528973
319.951418	0.528923
320.188228	0.528923
320.173484	0.528886
320.239545	0.528860
320.317548	0.528799
320.370918	0.528799
320.528041	0.528736
320.603616	0.528724
320.578983	0.528710
320.708678	0.528673
320.889683	0.528673
320.916743	0.528649
321.126868	0.528612
321.244240	0.528561
320.515531	0.528535
320.710913	0.528498
321.426737	0.528460
321.362361	0.528436
321.464996	0.528399
321.621743	0.528373
321.753491	0.528348
321.817125	0.528324
322.157312	0.528298
322.276744	0.528249
322.365377	0.528235
322.680190	0.528212
322.666189	0.528186
322.627187	0.528160
322.785627	0.528137
322.969060	0.528111
323.111064	0.528074
323.424192	0.528074
323.526827	0.528036
323.321189	0.528010
323.739379	0.527973
323.986446	0.527961
324.221571	0.527912
324.508013	0.527898
324.664393	0.527861
324.678762	0.527837
325.108894	0.527823
325.069892	0.527786
325.199587	0.527774
325.043582	0.527748
325.383020	0.527736
325.368651	0.527724
325.632146	0.527687
325.786466	0.527650
325.943214	0.527650
325.864844	0.527624
325.852527	0.527612
326.048276	0.527586
326.243658	0.527561
326.231341	0.527537
326.466466	0.527523
326.688533	0.527498
326.503040	0.527474
326.556785	0.527474
326.830537	0.527448
326.816168	0.527411
326.842853	0.527411
326.999233	0.527399
327.026293	0.527348
327.129295	0.527336
327.195357	0.527324
327.234358	0.527310
327.275787	0.527287
327.430482	0.527273
327.731293	0.527261
327.757978	0.527212
328.095738	0.527212
327.980045	0.527198
328.295232	0.527160
328.305863	0.527149
328.854116	0.527123
328.841800	0.527086
328.817542	0.527074
329.233305	0.527036
329.220614	0.527036
329.534116	0.526999
329.727437	0.526973
329.354228	0.526949
330.251807	0.526898
330.420871	0.526861
330.904005	0.526849
330.957750	0.526837
330.970066	0.526786
331.517569	0.526748
331.828463	0.526762
329.895952	0.526762
330.315634	0.526748
330.290259	0.526725
329.743673	0.526725
330.277375	0.526699
330.081252	0.526699
330.551127	0.526673
331.088188	0.526650
331.584005	0.526598
331.661633	0.526598
331.726384	0.526561
332.131883	0.526524
332.378582	0.526512
332.561647	0.526500
332.039512	0.526474
331.754561	0.526460
333.111017	0.526423
334.130462	0.526386
333.973708	0.526336
334.208833	0.526311
334.533902	0.526273
334.195774	0.526273
334.325094	0.526249
333.842335	0.526186
334.847779	0.526186
335.162592	0.526137
335.630039	0.526111
334.901149	0.526086
335.227335	0.526036
335.604665	0.526025
334.432198	0.525987
336.910920	0.525924
336.858667	0.525912
337.304659	0.525849
337.786851	0.525823
338.477857	0.525762
339.183800	0.525711
339.521185	0.525687
340.044063	0.525624
340.097808	0.525599
340.279563	0.525549
340.682634	0.525524
340.736754	0.525463
341.103252	0.525437
341.494382	0.525386
341.794826	0.525325
341.755450	0.525299
341.936830	0.525273
342.003266	0.525236
342.122323	0.525212
342.225325	0.525187
342.355020	0.525137
342.292136	0.525100
342.917274	0.525086
343.150339	0.525049
343.765963	0.525025
343.701962	0.525011
343.934659	0.524962
344.208411	0.524924
344.157468	0.524899
343.908717	0.524861
344.196470	0.524838
344.470596	0.524774
344.470596	0.524763
344.327282	0.524725
344.535347	0.524674
345.227288	0.524636
347.204974	0.524636
343.591863	0.524613
343.306537	0.524636
343.189533	0.524625
343.175165	0.524613
343.399658	0.524599
343.162848	0.524587
343.306912	0.524575
343.319228	0.524538
343.214166	0.524538
343.214166	0.524524
343.214166	0.524512
343.228535	0.524512
343.489602	0.524475
343.515720	0.524486
343.515352	0.524449
343.554353	0.524412
343.789103	0.524425
344.076856	0.524374
343.711101	0.524400
343.867848	0.524374
344.392968	0.524348
345.058225	0.524299
345.645478	0.524274
345.958606	0.524236
346.324168	0.524187
346.809730	0.524149
346.964050	0.524100
346.912733	0.524063
347.344549	0.524011
347.186117	0.524011
347.823938	0.523950
348.151067	0.523924
347.668501	0.523913
347.825623	0.523899
347.747621	0.523861
348.085381	0.523887
348.607516	0.523861
348.009988	0.523838
350.222605	0.523824
350.000913	0.523786
349.391261	0.523763
349.325950	0.523737
349.745257	0.523700
350.554203	0.523637
350.580888	0.523599
350.698267	0.523587
350.764328	0.523538
351.598648	0.523512
349.336774	0.523512
349.494090	0.523475
349.088958	0.523499
349.023272	0.523475
348.867266	0.523475
348.984645	0.523475
348.984645	0.523461
349.023646	0.523475
348.933328	0.523412
348.999014	0.523400
348.999014	0.523374
348.999014	0.523400
349.050332	0.523386
349.050332	0.523362
349.038015	0.523337
349.194395	0.523337
349.089333	0.523337
349.077017	0.523325
349.221081	0.523299
349.233397	0.523299
349.101649	0.523274
349.101649	0.523262
349.140650	0.523250
349.258397	0.523262
349.194395	0.523236
349.324083	0.523250
349.402835	0.523213
349.860769	0.523187
350.016774	0.523175
350.305644	0.523161
350.682406	0.523138
350.931532	0.523112
350.892531	0.523100
351.269660	0.523063
351.374722	0.523049
351.597531	0.523011
351.795340	0.523000
352.198786	0.522974
352.695721	0.522937
352.603350	0.522925
352.525347	0.522887
353.282975	0.522875
353.232033	0.522862
353.777483	0.522824
353.960548	0.522800
354.261734	0.522775
354.483801	0.522749
354.704182	0.522737
354.784612	0.522700
354.873246	0.522688
355.097740	0.522674
355.252434	0.522651
355.423926	0.522613
355.683308	0.522587
356.166817	0.522562
356.272247	0.522550
356.493003	0.522501
356.820875	0.522501
357.238690	0.522463
357.498073	0.522438
357.290382	0.522400
357.994640	0.522363
358.075070	0.522337
358.449772	0.522311
358.517893	0.522288
358.466575	0.522262
358.843704	0.522236
359.288580	0.522187
359.576707	0.522175
359.809405	0.522138
359.900841	0.522100
360.005903	0.522063
360.292713	0.522012
361.351160	0.522000
360.998656	0.521962
361.091403	0.521925
361.546534	0.521899
361.429163	0.521876
361.624911	0.521838
361.779606	0.521801
362.290918	0.521749
362.486292	0.521712
362.591354	0.521700
362.747359	0.521651
363.295987	0.521625
363.412991	0.521588
363.321180	0.521538
361.346866	0.521562
362.092927	0.521538
362.002608	0.521513
361.883177	0.521501
362.014924	0.521475
361.909862	0.521463
361.922178	0.521438
362.066242	0.521426
361.845861	0.521426
361.845861	0.521387
362.066242	0.521363
362.039182	0.521337
362.118302	0.521337
362.864363	0.521314
362.930050	0.521288
363.179176	0.521250
362.879482	0.521225
363.295612	0.521213
363.282553	0.521187
363.387241	0.521138
363.387241	0.521138
363.569363	0.521112
364.079558	0.521063
364.118559	0.521075
364.442318	0.521037
364.391375	0.521026
364.784933	0.520951
365.215064	0.520951
365.513823	0.520925
365.591825	0.520913
365.606194	0.520899
365.943954	0.520838
366.140078	0.520825
366.440515	0.520825
366.426146	0.520763
366.796764	0.520763
366.834080	0.520726
367.095890	0.520700
367.394648	0.520688
367.851840	0.520637
367.826840	0.520600
368.035647	0.520600
368.258464	0.520550
368.388893	0.520525
368.766590	0.520475
369.251217	0.520464
369.640662	0.520389
369.941098	0.520401
370.178283	0.520326
370.215974	0.520288
371.000662	0.520263
371.404108	0.520225
371.470919	0.520199
371.940420	0.520162
372.253172	0.520113
372.266238	0.520075
372.931120	0.520026
373.141987	0.520026
373.233991	0.519975
373.664123	0.519937
373.559435	0.519900
374.080253	0.519850
374.251002	0.519825
374.300634	0.519813
374.537819	0.519750
374.369873	0.519726
374.577938	0.519675
375.152508	0.519651
375.529262	0.519588
375.910136	0.519576
376.040573	0.519539
376.131260	0.519488
376.416960	0.519464
375.607833	0.519438
374.691958	0.519438
374.587270	0.519438
374.496951	0.519424
374.496951	0.519413
374.509267	0.519375
374.729649	0.519363
374.626646	0.519351
374.678331	0.519326
374.717332	0.519314
374.602014	0.519300
374.509267	0.519300
374.729649	0.519275
374.680016	0.519263
374.574954	0.519251
373.950565	0.519239
375.020011	0.519213
375.203076	0.519188
375.530947	0.519125
376.171204	0.519101
376.430586	0.519075
376.653020	0.519038
377.085212	0.519026
377.122528	0.518989
377.031842	0.518975
377.670038	0.518926
377.591661	0.518900
377.603977	0.518888
377.878103	0.518862
378.191231	0.518839
378.009851	0.518813
378.127597	0.518776
378.596730	0.518750
378.582361	0.518738
378.298721	0.518750
378.493159	0.518701
379.368166	0.518689
379.535177	0.518651
379.446544	0.518588
379.722355	0.518588
380.163492	0.518563
380.373985	0.518539
380.567681	0.518476
381.207938	0.518438
381.432432	0.518413
381.508749	0.518375
381.601496	0.518363
381.951939	0.518326
381.912938	0.518289
382.409506	0.518237
382.722258	0.518225
382.942640	0.518200
383.337883	0.518176
383.296454	0.518151
383.493888	0.518125
383.570580	0.518087
383.778645	0.518064
384.105774	0.518050
384.406960	0.518012
384.524332	0.517963
384.734457	0.517938
384.759089	0.517963
385.034901	0.517926
385.150962	0.517876
385.686531	0.517876
385.647904	0.517813
385.831337	0.517813
386.300470	0.517788
386.562280	0.517738
386.731351	0.517713
386.691975	0.517663
386.914783	0.517652
387.161850	0.517626
387.372350	0.517600
387.670734	0.517551
388.233355	0.517525
388.507481	0.517514
388.860360	0.517450
388.992108	0.517439
389.264174	0.517376
389.709424	0.517338
389.603987	0.517289
390.503626	0.517289
388.568506	0.517263
389.209880	0.517263
389.080560	0.517237
389.261940	0.517226
389.003674	0.517200
389.982058	0.517163
390.358820	0.517113
390.634631	0.517101
390.699007	0.517064
391.065505	0.517050
391.351947	0.517038
391.718078	0.516975
391.601074	0.516963
391.640075	0.516952
391.704451	0.516914
392.242073	0.516863
392.202697	0.516863
392.281074	0.516788
392.567142	0.516788
392.841643	0.516764
392.997648	0.516739
393.218029	0.516701
393.493466	0.516675
393.557842	0.516638
393.963341	0.516626
393.873397	0.516614
394.237842	0.516589
394.031269	0.516526
394.615721	0.516526
394.813530	0.516476
395.255977	0.516451
395.529729	0.516427
395.817857	0.516390
395.725110	0.516364
395.674535	0.516338
396.327108	0.516301
396.287732	0.516263
396.665235	0.516238
396.848301	0.516214
397.461872	0.516177
397.603876	0.516151
397.669937	0.516113
397.997808	0.516102
398.218190	0.516050
398.533002	0.516050
398.753384	0.516027
398.807129	0.515989
398.795187	0.515964
399.420693	0.515938
399.262635	0.515900
399.616449	0.515877
399.735881	0.515839
399.195650	0.515839
398.621829	0.515839
398.416192	0.515814
398.401823	0.515802
398.323820	0.515788
398.453508	0.515788
398.480193	0.515764
398.389507	0.515739
398.401823	0.515739
398.321385	0.515701
398.309069	0.515701
398.519194	0.515701
398.648889	0.515689
398.455193	0.515664
398.558195	0.515652
398.648889	0.515652
398.543827	0.515601
398.416192	0.515601
398.440824	0.515615
398.440824	0.515615
398.467509	0.515601
398.455193	0.515563
398.494194	0.515577
398.455193	0.515540
398.479825	0.515526
398.609513	0.515540
398.741261	0.515514
398.753577	0.515488
398.479825	0.515488
398.416192	0.515465
398.455193	0.515477
398.467509	0.515451
398.506511	0.515439
398.726892	0.515427
398.557828	0.515427
398.557828	0.515402
398.455193	0.515402
398.974700	0.515390
399.419951	0.515352
399.733078	0.515338
400.150893	0.515315
400.621143	0.515327
400.777524	0.515301
400.672836	0.515264
401.143086	0.515252
401.614646	0.515226
402.199472	0.515200
402.409972	0.515151
402.893474	0.515151
403.245228	0.515139
403.219285	0.515076
403.348606	0.515090
403.481103	0.515064
403.688793	0.515027
403.767545	0.515001
404.316733	0.514964
404.146359	0.514964
404.290048	0.514938
404.603176	0.514938
404.642177	0.514889
404.681553	0.514889
404.955305	0.514863
405.205174	0.514826
405.334869	0.514814
405.581560	0.514788
405.662365	0.514776
406.144189	0.514765
406.364938	0.514713
406.313620	0.514713
406.536061	0.514676
406.954252	0.514652
407.108947	0.514638
407.502129	0.514615
407.776256	0.514601
408.114016	0.514577
408.194446	0.514540
408.206387	0.514526
408.192018	0.514502
408.363142	0.514477
407.901849	0.514477
406.690207	0.514477
406.677323	0.514451
407.071256	0.514439
407.631824	0.514427
407.932261	0.514402
408.181387	0.514390
408.455514	0.514364
408.455514	0.514352
408.675895	0.514339
408.911020	0.514289
408.871276	0.514264
409.354778	0.514264
408.988280	0.514238
409.419529	0.514238
409.368586	0.514214
409.654654	0.514203
410.283337	0.514165
410.190590	0.514151
410.596464	0.514102
411.207976	0.514076
411.038912	0.514088
411.781429	0.514039
410.504093	0.514039
411.640910	0.514001
411.575223	0.513976
411.900292	0.513952
412.137477	0.513927
412.137102	0.513901
412.682927	0.513889
412.565923	0.513863
412.854051	0.513840
413.531817	0.513814
413.651055	0.513788
412.578808	0.513777
413.612054	0.513751
414.030244	0.513727
414.238309	0.513702
414.199683	0.513676
414.525494	0.513652
414.785251	0.513615
414.877998	0.513589
415.230127	0.513552
415.361874	0.513514
415.164440	0.513489
416.027506	0.513451
416.444946	0.513439
416.550383	0.513390
417.032950	0.513353
417.555828	0.513339
417.813525	0.513301
417.749891	0.513290
418.662964	0.513240
419.304156	0.513226
419.381223	0.513189
419.433283	0.513140
419.264037	0.513102
419.735779	0.513065
420.259407	0.513039
420.088283	0.513002
419.279705	0.512964
419.633894	0.512952
420.519157	0.512901
420.714164	0.512877
420.427728	0.512864
421.314108	0.512826
421.433540	0.512789
422.280002	0.512739
421.927305	0.512728
422.619815	0.512676
421.406855	0.512653
422.047111	0.512639
422.137055	0.512601
422.774135	0.512578
422.943024	0.512564
421.509683	0.512552
421.365619	0.512540
421.223615	0.512515
421.198983	0.512503
421.172298	0.512477
421.380363	0.512451
421.155494	0.512465
421.169863	0.512440
421.194495	0.512414
421.130862	0.512377
421.365619	0.512377
421.340619	0.512365
421.354988	0.512377
421.144863	0.512365
421.194495	0.512327
421.091493	0.512315
421.221180	0.512327
421.272498	0.512315
421.272498	0.512290
421.208864	0.512290
421.170987	0.512264
421.967617	0.512252
422.162998	0.512203
422.111681	0.512227
422.540127	0.512189
422.816313	0.512177
423.051063	0.512177
423.012062	0.512166
423.259128	0.512140
423.506570	0.512114
423.860759	0.512077
423.768755	0.512051
423.599316	0.512039
424.435696	0.512028
424.682763	0.511990
424.851084	0.511976
425.372277	0.511976
425.833388	0.511939
425.520260	0.511901
426.509843	0.511889
426.809344	0.511878
427.007153	0.511840
427.700587	0.511826
427.215593	0.511789
426.850773	0.511751
428.117660	0.511751
428.507847	0.511714
428.325725	0.511702
428.863346	0.511677
429.070669	0.511653
429.710358	0.511627
429.317168	0.511590
429.512549	0.511540
429.983742	0.511515
429.881107	0.511489
430.035802	0.511489
430.009484	0.511452
430.323922	0.511440
430.807431	0.511428
429.371481	0.511391
430.966045	0.511377
431.459061	0.511327
431.524747	0.511278
431.473430	0.511278
431.967195	0.511253
431.993880	0.511215
432.372694	0.511203
432.293756	0.511166
432.831003	0.511140
432.541390	0.511128
432.932146	0.511103
433.067620	0.511065
432.437820	0.511028
433.444381	0.510990
434.344213	0.510965
434.147715	0.510939
433.574637	0.510890
434.097696	0.510840
434.437509	0.510840
434.475393	0.510815
434.308371	0.510765
435.948103	0.510728
433.651897	0.510728
433.534518	0.510714
432.426996	0.510702
435.089707	0.510665
435.730706	0.510602
435.975345	0.510578
436.171468	0.510552
436.316843	0.510503
436.405476	0.510489
436.537224	0.510466
436.774034	0.510466
437.046475	0.510428
437.268167	0.510403
437.425289	0.510353
437.674790	0.510339
438.012176	0.510302
438.325303	0.510278
438.471794	0.510253
438.757862	0.510215
439.120622	0.510178
439.358175	0.510140
439.812939	0.510115
440.050491	0.510089
440.167495	0.510065
440.466254	0.510014
440.259306	0.510014
440.872128	0.509977
441.615955	0.509927
441.657565	0.509916
442.386448	0.509878
442.399139	0.509827
442.714327	0.509803
443.039396	0.509740
443.678903	0.509728
443.849458	0.509677
443.927461	0.509665
444.332025	0.509590
444.998966	0.509578
444.933280	0.509541
445.258349	0.509503
445.703599	0.509478
445.977725	0.509403
446.488287	0.509365
446.500228	0.509365
446.931109	0.509316
446.867476	0.509290
447.166234	0.509253
447.543363	0.509215
447.936554	0.509178
449.005999	0.509141
448.812303	0.509115
449.137746	0.509052
449.267809	0.509014
449.423814	0.508977
449.582429	0.508939
450.145050	0.508890
450.470494	0.508841
451.135008	0.508766
450.954177	0.508703
451.253871	0.508640
452.049758	0.508616
451.633435	0.508527
452.571701	0.508490
452.533074	0.508478
453.497650	0.508377
453.145521	0.508340
453.927039	0.508316
454.929874	0.508265
454.280285	0.508228
454.569155	0.508178
454.514293	0.508153
455.038663	0.508103
455.246353	0.508054
455.522165	0.508015
455.847609	0.507953
456.227540	0.507942
456.630986	0.507902
456.828795	0.507841
456.983115	0.507804
457.428740	0.507740
457.480425	0.507715
458.473185	0.507654
458.511437	0.507602
458.394066	0.507591
459.034690	0.507541
459.033004	0.507490
459.345015	0.507478
459.228386	0.507453
458.338829	0.507415
459.096831	0.507378
459.254329	0.507366
459.502137	0.507354
459.856701	0.507316
459.699946	0.507279
460.558899	0.507216
460.807650	0.507190
460.588761	0.507178
459.575671	0.507141
461.084761	0.507103
461.473282	0.507078
462.388407	0.507040
463.340106	0.507003
463.077921	0.506954
463.483420	0.506928
463.692235	0.506891
464.202797	0.506865
464.687048	0.506827
464.386979	0.506778
465.193872	0.506766
465.822554	0.506703
466.044621	0.506678
466.657818	0.506628
466.332181	0.506628
466.696626	0.506565
466.438360	0.506490
467.494747	0.506453
468.328325	0.506403
468.616453	0.506354
469.085953	0.506328
469.440142	0.506265
469.660523	0.506254
469.831272	0.506216
469.934275	0.506204
470.183401	0.506141
470.665592	0.506116
471.162902	0.506078
471.527347	0.506029
471.893478	0.505979
472.336293	0.505954
472.441355	0.505903
472.989241	0.505879
472.898922	0.505816
473.382798	0.505804
473.551495	0.505766
473.524435	0.505741
474.177375	0.505715
474.045627	0.505640
474.036113	0.505628
474.894691	0.505603
474.896376	0.505565
474.713311	0.505542
475.588693	0.505516
475.731072	0.505479
475.965822	0.505441
476.345011	0.505392
476.748832	0.505378
478.897448	0.505341
476.332327	0.505303
476.973133	0.505254
477.783195	0.505216
478.423452	0.505191
479.506899	0.505130
479.675220	0.505104
480.262099	0.505055
480.746350	0.505003
482.091607	0.504966
481.776052	0.504928
481.920116	0.504891
482.454367	0.504842
482.732981	0.504792
483.224686	0.504767
483.618619	0.504715
484.153438	0.504640
484.505942	0.504603
484.818694	0.504579
485.000824	0.504542
485.420325	0.504479
485.784770	0.504453
486.215269	0.504416
486.045269	0.504366
486.854215	0.504341
487.208029	0.504280
487.351900	0.504254
487.731089	0.504167
487.745457	0.504116
488.082468	0.504078
488.407912	0.504041
488.710408	0.504004
488.881532	0.503966
489.441726	0.503917
489.715852	0.503865
489.884916	0.503828
490.237045	0.503791
490.667926	0.503753
490.655610	0.503704
491.464555	0.503678
491.659937	0.503617
491.816684	0.503603
492.651379	0.503566
492.430998	0.503516
493.015824	0.503491
493.264951	0.503467
493.422448	0.503430
494.595464	0.503367
494.701269	0.503329
495.067774	0.503303
495.287780	0.503266
495.209778	0.503229
496.009584	0.503191
496.711040	0.503130
496.449798	0.503130
494.436849	0.503116
494.476226	0.503116
494.517654	0.503092
494.502911	0.503041
494.320220	0.503055
494.542654	0.503029
494.738036	0.503018
494.609090	0.502992
494.868473	0.502954
495.275464	0.502929
495.317268	0.502868
496.177906	0.502816
494.555539	0.502828
495.443604	0.502791
494.520264	0.502791
497.470909	0.502704
498.607726	0.502692
499.741180	0.502617
500.198372	0.502566
501.151381	0.502528
501.738635	0.502479
501.921700	0.502416
502.560639	0.502392
503.512338	0.502329
503.656777	0.502304
503.763324	0.502217
504.286209	0.502179
504.924406	0.502130
505.682408	0.502067
506.401035	0.502016
506.661167	0.501955
507.365425	0.501929
507.692922	0.501854
507.198221	0.501805
507.381093	0.501742
508.335413	0.501655
508.750800	0.501592
509.169733	0.501529
510.303755	0.501468
510.486820	0.501430
511.479948	0.501367
511.817333	0.501330
511.791390	0.501255
512.630198	0.501180
513.282396	0.501142
514.324781	0.501067
514.600968	0.501042
515.158734	0.500992
515.670045	0.500929
516.480108	0.500880
516.843061	0.500817
516.739309	0.500805
516.832237	0.500730
517.642674	0.500667
518.777439	0.500604
519.701703	0.500529
520.055892	0.500491
520.642771	0.500416
521.621155	0.500379
521.688526	0.500355
521.360655	0.500280
521.764476	0.500255
522.041030	0.500192
522.132091	0.500168
522.888042	0.500105
523.384234	0.500067
523.530351	0.500030
524.493991	0.499967
524.807119	0.499918
524.573111	0.499880
524.884928	0.499829
525.178093	0.499780
526.143793	0.499667
527.057426	0.499592
527.655879	0.499555
527.918064	0.499468
529.091455	0.499417
529.718085	0.499356
530.109215	0.499281
530.332024	0.499243
531.062967	0.499192
531.102343	0.499154
531.388785	0.499079
531.977350	0.499056
531.937606	0.498993
532.145671	0.498918
532.002350	0.498892
532.539604	0.498831
532.772301	0.498794
532.929049	0.498754
533.320554	0.498693
533.622107	0.498656
533.700485	0.498592
534.523432	0.498555
534.809499	0.498480
534.953188	0.498443
534.873133	0.498393
535.345068	0.498342
535.038289	0.498304
533.788388	0.498330
533.200941	0.498304
532.912264	0.498293
533.878138	0.498267
534.181010	0.498230
534.533139	0.498230
534.570455	0.498180
534.467452	0.498155
534.755948	0.498105
535.225455	0.498105
535.731904	0.498068
535.536898	0.498042
535.926911	0.498042
536.660656	0.498030
535.956398	0.498005
535.851710	0.497993
536.101579	0.497955
536.478340	0.497918
537.040962	0.497869
537.104963	0.497869
537.640532	0.497831
538.658292	0.497792
538.527855	0.497768
538.203903	0.497731
539.219797	0.497693
539.545615	0.497679
540.083044	0.497630
540.747183	0.497604
541.570872	0.497543
541.571247	0.497543
541.624992	0.497492
542.564375	0.497455
542.472746	0.497431
542.876935	0.497356
542.799682	0.497342
543.804751	0.497281
544.546893	0.497218
544.508266	0.497169
545.228010	0.497131
546.205277	0.497106
546.348966	0.497068
546.881733	0.497005
546.322281	0.496981
546.938655	0.496956
